$ 1 0.000005 1.0312258501325766 50 5 50 5e-11
r 512 336 576 272 0 1000
r 576 272 640 336 0 1000
r 512 336 576 400 0 27
350 240 352 240 432 0 113 127 -125 800 0.5 PT100\s(1)
w 512 336 480 336 0
w 480 336 480 448 0
w 480 448 720 448 0
w 640 336 720 336 0
p 720 336 720 448 3 0 2 100000000
x 614 398 685 401 4 16 PT100\s(2)
350 640 336 576 400 0 113 127 -125 800 0.5099 PT100\s(2)
r 240 272 240 352 0 1000
g 240 432 240 448 0 0
R 240 256 240 224 0 0 40 5 0 0 0.5
O 240 352 304 352 1 0
w 240 272 240 256 1
g 576 400 576 416 0 0
w 576 272 576 256 1
R 576 256 576 224 0 0 40 5 0 0 0.5
x 262 418 333 421 4 16 PT100\s(1)
x 226 490 338 493 4 16 Divisor\sresistivo
x 523 485 685 488 4 16 Puente\sde\sWheatstone
x 735 383 798 386 4 14 Voltímetro
