$ 1 0.000005 10.20027730826997 50 5 50 5e-11
t 544 352 592 352 0 -1 -0.6327041445963353 -0.6626458932937949 100 default
R 592 272 592 240 0 0 40 5 0 0 0.5
w 592 272 592 336 0
r 512 352 464 352 0 1000
w 544 352 512 352 2
g 592 448 592 464 0 0
w 592 368 592 384 0
r 592 384 592 448 0 1000
w 592 384 656 384 2
R 416 352 384 352 4 5 40 5 0 0 0.5
403 368 288 416 320 0 9_64_0_x81012_4.8_0.0001_-1_2_1_-113_9_3_0.000049999999999999996_0
w 464 352 416 352 3
w 896 352 848 352 3
w 1024 336 1088 336 2
r 1024 272 1024 336 0 1000
w 1024 368 1024 384 0
g 1024 448 1024 464 0 0
w 976 352 944 352 2
r 944 352 896 352 0 1000
w 1024 384 1024 448 0
R 1024 272 1024 240 0 0 40 5 0 0 0.5
t 976 352 1024 352 0 1 -4.9999999847000005 5.099999984451822e-9 100 default
R 848 352 816 352 4 5 40 5 0 0 0.5
403 1056 288 1104 320 0 13_64_0_x81012_4.999999989800001_0.0001_-1_2_1_-98_13_3_0.000049999999999999996_0
403 800 288 848 320 0 22_64_0_x81012_18.4_0.0001_-1_2_1_-107_22_3_0.000049999999999999996_0
b 336 208 701 493 0
b 769 207 1134 492 0
x 922 199 985 202 4 30 NPN
x 497 201 558 204 4 30 PNP
403 640 336 688 368 0 8_64_0_x81012_5_0.1_-1_2_1.25_-101_8_3_0.025_0
38 9 F1 0 0 5 -1 V\sPulso
38 22 F1 0 0 5 0 \0
