$ 1 0.000005 10.20027730826997 53 5 50 5e-11
t 128 608 176 608 0 1 -5.1 0.6113646844799732 100 default
R 176 528 176 496 0 0 40 10 0 0 0.5
w 176 528 176 560 1
w 128 608 96 608 0
w 176 624 176 656 0
w 176 656 256 656 2
w 96 608 0 608 1
w 512 624 416 624 1
w 592 608 656 608 2
r 592 528 592 576 0 1000
w 592 640 592 656 0
g 592 720 592 736 0 0
w 544 624 512 624 0
w 592 656 592 720 0
R 592 512 592 496 0 0 40 10 0 0 0.5
t 544 624 592 624 0 -1 4.9 -0.6144120558930961 100 default
b -59 479 306 764 0
b 348 479 713 764 0
x 103 468 166 471 4 30 NPN
x 514 468 575 471 4 30 PNP
R 416 624 384 624 0 0 40 4.9 0 0 0.5
R 0 608 -32 608 0 0 40 4.9 0 0 0.5
p 96 608 96 656 3 0 1 10000000
w 176 656 96 656 0
p 512 576 512 624 3 0 1 10000000
w 512 576 592 576 0
x 611 620 635 623 4 12 Vout
x 205 670 229 673 4 12 Vout
x 375 612 392 615 4 12 Vin
x -43 594 -26 597 4 12 Vin
x 111 628 132 631 4 12 Vbe
x 528 595 548 598 4 12 Veb
w 592 528 592 512 1
x 383 691 472 694 4 12 Vout\s\q\sVin\s\p\sVeb
x -46 699 40 702 4 12 Vout\s\q\sVin\s-\sVbe
403 624 528 704 592 0 15_64_6_12355_4.999999999999999e-16_1e-17_-1_2_15_2
403 208 560 288 624 0 0_64_6_12355_1e-31_1e-33_-1_2_0_2
r 256 656 256 720 0 2305
r 656 608 656 720 0 2305
g 656 720 656 736 0 0
g 256 720 256 736 0 0
w 176 560 176 592 0
w 592 576 592 608 0
O 256 656 272 656 0 0
O 656 608 672 608 0 0
x 666 657 698 660 4 12 Carga
x 266 682 298 685 4 12 Carga
x -59 783 222 786 4 11 https://github.com/aalonsopuig/Circuitos_electronicos/wiki
38 20 F1 0 0 10 -1 V\sin
38 37 F1 0 100 5000 -1 Carga
38 38 F1 0 100 5000 1 \0
38 21 F1 0 0 10 0 \0
