$ 1 0.000005 10.20027730826997 43 5 50 5e-11
34 zener-12 1 1.7143528192810002e-7 0 2.0000000000000084 12 1
z 336 256 336 192 3 zener-12
g 336 288 336 304 0 0
w 416 160 416 192 1
r 416 192 416 256 0 60.94
r 240 160 304 160 0 8.3
v 208 240 208 208 0 0 40 14 0 0 0.5
w 208 240 208 288 0
w 208 288 336 288 0
w 336 288 416 288 0
w 208 208 208 160 3
w 208 160 240 160 0
w 304 160 336 160 2
w 336 160 336 192 1
w 336 160 416 160 0
w 336 256 336 288 0
w 416 256 416 288 0
o 3 64 0 4098 20 0.000390625 0 2 3 3 out
o 0 64 0 4099 20 0.8 1 2 0 3 zener
38 3 F1 0 1 1000 -1 Carga
38 5 F1 0 0 20 -1 Voltaje
