$ 1 0.000005 10.20027730826997 56 5 50 5e-11
R 160 112 112 112 0 1 40 2 8.8 0 0.5
w 240 128 320 128 0
r 320 128 320 208 0 200
t 320 208 400 208 0 1 -5.122861764396476 0.7554263124547091 100 default
w 320 128 400 128 0
z 320 320 320 256 3 default-zener
w 400 224 400 256 3
w 400 256 448 256 0
r 448 256 448 320 0 10
g 448 320 448 336 0 0
g 320 320 320 336 0 0
403 496 256 544 336 0 6_64_0_x81012_4.882267002276199_0.0001_-1_2_1_-98_6_3_0.00625_0
403 240 80 304 112 0 1_64_0_x81012_10.8_0.0001_-1_2_2_-76_1_3_0.000049999999999999996_0
w 320 208 320 256 2
403 256 192 304 256 0 13_64_0_x81217_10_0.00078125_-1_2_2_-98_13_3_0.01_-98
R 160 144 112 144 0 0 40 12 0 0 0.5
S 240 128 160 128 0 1 false 0 2
w 400 128 400 192 0
o 0 64 0 4098 12 0.00625 0 2 0 3 in
o 8 64 0 4099 10 0.8 1 2 8 3 out
o 5 64 0 4099 10 0.1 2 2 5 3 zener
38 8 F1 0 10 1000 -1 Carga
