$ 1 0.000005 382.76258214399064 49 5 50 5e-11
f 208 144 256 144 0 1.5 0.02
r 80 16 80 96 0 470
R 256 16 304 16 0 0 40 15 0 0 0.5
174 80 96 80 176 1 100000 0.005 Resistance
w 96 144 208 144 3
w 80 192 80 240 0
w 80 240 192 240 0
w 256 128 256 16 1
w 256 16 80 16 1
d 432 224 432 176 2 default
w 192 240 256 240 0
415 384 240 384 160 0 0.5 100 0.15 0.15 0.02 0.05 100 0
w 384 240 256 240 0
g 192 240 192 256 0 0
s 320 160 384 160 0 0 false
w 432 240 384 240 0
w 432 160 384 160 2
w 432 160 432 176 1
w 432 224 432 240 0
w 320 160 256 160 2
