$ 1 0.000005 9.001713130052181 50 5 50 5e-11
c 672 256 704 256 4 1.0000000000000001e-7 5.010817187593043 0.001 0
r 832 256 832 320 0 1000000
g 832 320 832 336 0 0
R 464 256 432 256 0 1 300 5 0 0 0.5
403 720 192 816 256 0 1_32_0_x283016_0.6354411151565724_0.0001_-1_2_8_2_0_1_3_0.05_0
w 560 256 672 256 0
403 576 192 656 256 0 5_32_0_x281016_5_0.1_-1_2_8_2_0_5_3_0.05_0
x 651 283 723 286 4 12 Condensador
w 640 512 720 512 0
g 720 576 720 592 0 0
r 720 512 720 576 0 1000000
c 640 576 640 512 4 0.000001 -4.995893477261199 0.001 0
g 640 576 640 592 0 0
R 496 432 480 432 0 6 2902.8399999999997 10 -0.88 0 0.159154943092
r 608 512 512 512 0 10
403 368 416 448 464 0 13_1_0_x281012_5_0.1_-1_2_8_2_0_13_3_0.05_0
403 784 512 880 560 0 10_32_0_x281012_5_0.1_-1_2_8_2_0_10_3_0.05_0
x 543 555 614 558 4 12 de\sdesacoplo
x 661 293 713 296 4 12 de\sacoplo
x 544 542 616 545 4 12 Condensador
R 512 512 464 512 0 0 40 5 0 0 0.5
w 608 512 640 512 0
r 528 432 576 432 0 10
w 608 432 608 512 0
R 464 192 416 192 0 0 40 5 0 0 0.5
r 464 192 560 192 0 1000000
w 560 192 560 256 0
c 464 256 560 256 4 1.0000000000000001e-7 -4.978424874747921 0.001 0
w 704 256 832 256 0
x 598 184 628 187 4 12 Antes
x 739 185 786 188 4 12 Después
x 365 176 482 179 4 12 Componente\scontinua
x 364 295 472 298 4 12 Componente\salterna
x 367 507 447 510 4 12 Continua\santes
x 375 411 439 414 4 12 Ruido\santes
x 782 508 829 511 4 12 Después
403 368 512 448 560 0 20_32_0_x281012_5_0.1_-1_2_8_2_0_20_3_0.05_0
c 496 432 528 432 4 1e-8 -6.361285130494556 0.001 0
w 576 432 608 432 0
b 352 144 903 357 0
x 843 281 875 284 4 12 Carga
x 731 537 763 540 4 12 Carga
b 352 396 903 609 0
x 351 139 401 142 4 12 ACOPLO
x 350 391 424 394 4 12 DESACOPLO
x 355 603 585 606 4 9 https://github.com/aalonsopuig/Circuitos_electronicos/wiki
x 358 351 588 354 4 9 https://github.com/aalonsopuig/Circuitos_electronicos/wiki
