$ 1 0.000005 10.20027730826997 50 5 50 5e-11
r 592 288 592 352 0 10000
w 592 352 656 352 0
w 688 352 736 352 0
r 736 352 736 288 0 10000
w 736 352 784 352 0
w 592 352 544 352 0
w 592 288 592 256 0
w 736 288 736 256 0
R 592 256 592 224 0 0 40 3.3 0 0 0.5
R 736 256 736 224 0 0 40 5 0 0 0.5
R 496 352 448 352 4 5 40 3.3 0 0 0.5
403 512 384 592 448 0 5_64_0_4098_5_0.1_-1_2_5_3
403 752 384 832 448 0 4_64_0_4098_5_0.1_-1_2_4_3
s 496 352 544 352 0 1 true
s 784 352 832 352 0 1 true
R 832 352 880 352 4 5 40 5 0 0 0.5
f 672 288 672 352 32 1.5 0.02
w 672 288 592 288 0
