$ 1 0.000005 10.20027730826997 58 10 50 5e-11
t -16 224 16 224 2 1 -10.29253007153128 0.5644334615866138 100 default
r 80 320 80 384 0 15
g 16 384 16 416 0 0
w 16 208 16 160 1
w 16 160 64 160 0
R -80 16 -80 -32 0 0 40 5 0 0 0.5
s 128 64 128 160 0 0 false
w 64 64 -144 64 1
w -144 384 16 384 0
r 64 64 64 160 0 1
r -144 224 -144 64 0 1000
d -144 288 -144 320 2 default
d -144 320 -144 384 2 default
w -144 224 -16 224 3
w 16 240 16 272 1
R 64 64 64 16 0 0 40 12 0 0 0.5
w 64 64 128 64 0
w 80 160 128 160 0
d -144 224 -144 288 2 default
d 256 64 256 112 2 default
R 464 64 464 16 0 0 40 12 0 0 0.5
w 416 240 416 272 1
w 256 224 384 224 3
d 256 176 256 224 2 default
d 256 112 256 176 2 default
r 256 352 256 224 0 1000
r 448 272 448 352 0 1
w 256 352 416 352 0
w 416 64 256 64 1
s 512 272 512 352 0 0 false
w 416 160 464 160 0
w 416 208 416 160 1
g 416 352 416 384 0 0
r 464 80 464 160 0 15
t 384 224 416 224 2 -1 10.302542283960078 -0.7037679105201597 100 default
w 512 352 448 352 0
w 448 352 416 352 0
w 416 272 448 272 0
w 448 272 512 272 0
w 464 64 464 80 0
w 416 64 464 64 0
t 16 272 80 272 2 1 -10.856963533117893 0.6838035556159665 100 default
w 80 256 80 160 0
w 64 160 80 160 0
w 16 384 80 384 0
w 80 288 80 320 1
38 9 F1 0 1 1000 -1 Carga
38 1 F1 0 15 200 -1 Re
38 33 F1 0 15 200 1 \0
38 26 F1 0 1 1000 0 \0
