$ 1 0.000005 2.008553692318767 64 7 50 5e-11
w 176 192 176 224 0
w 176 256 176 224 0
c 176 256 176 320 0 1e-8 2.443550338772824 0.001
g 176 320 176 336 0 0
r 112 128 112 64 0 1000
w 112 64 240 64 0
R 112 64 48 64 0 0 40 5 0 0 0.5
O 352 160 416 160 0 0
165 176 96 192 96 6 4.999999950000001
w 240 64 304 64 0
w 304 64 304 128 0
w 352 160 304 160 0
g 304 256 304 336 0 0
w 112 128 176 128 0
g 240 320 240 336 0 0
c 240 256 240 320 0 1e-8 3.3333333333333455 0.001
r 112 128 112 192 0 10000
174 112 192 128 240 1 100000 0.42080000000000006 Rv
w 128 224 176 224 0
403 320 176 400 224 0 7_4_0_x8101a_10_0.1_-1_1_2_-98
w 272 256 304 256 0
x 82 100 97 103 4 12 R1
x 82 164 97 167 4 12 R2
x 82 228 96 231 4 12 Rv
x 192 280 207 283 4 12 C1
x 257 280 272 283 4 12 C2
x 212 162 248 165 4 12 NE555
x 243 76 249 79 4 12 8
x 292 122 298 125 4 12 4
x 261 251 267 254 4 12 1
x 182 187 188 190 4 12 2
x 293 155 299 158 4 12 3
x 229 252 235 255 4 12 5
x 182 220 188 223 4 12 6
x 182 123 188 126 4 12 7
