$ 1 0.000005 27.727228452313398 56 5 50 5e-11
t 320 256 368 256 2 1 0.065698950071444 0.65366469515582 100 default
w 368 336 368 352 2
p 416 224 416 304 3 0 1 0
w 416 304 368 304 0
w 368 304 368 288 0
w 416 224 368 224 0
w 368 224 368 240 0
w 208 256 240 256 2
x 211 237 228 240 4 14 Vb
x 431 256 451 259 4 12 Vce
w 368 144 368 160 2
x 351 173 361 176 4 14 Ic
x 243 237 254 240 4 14 Ib
172 48 96 16 96 0 7 12 24 0 0 0.5 Vcc
x 346 365 357 368 4 14 Ie
403 432 128 544 224 0 10_64_0_4161_1.0000000000000005e-260_1.0000000000000005e-260_-1_2_10_3_Vc/Ic
w 368 208 368 224 0
x 347 157 363 160 4 14 Vc
x 345 350 361 353 4 14 Ve
x 340 413 357 416 4 14 Re
g 368 432 368 448 0 0
r 368 384 368 432 0 450
p 288 304 368 304 3 0 1 0
w 288 256 288 304 0
w 288 256 320 256 0
x 293 299 314 302 4 12 Vbe
p 368 208 288 208 3 0 1 0
w 288 208 288 256 0
x 293 202 313 205 4 12 Vcb
w 368 128 368 144 0
w 256 80 112 80 0
x 435 121 513 124 4 10 Curva\sde\scolector
w 368 272 368 288 0
w 368 352 368 368 1
b 208 256 286 224 0
b 421 370 340 336 0
b 423 143 344 179 0
w 240 256 288 256 1
w 368 176 368 160 1
w 368 304 368 336 0
w 368 368 368 384 0
w 368 176 368 208 0
162 112 128 160 128 2 default-led 1 0 0 0.01
R 144 256 112 256 0 0 40 4.95 0 0 0.5
s 144 256 208 256 0 0 false
w 368 128 352 128 0
w 208 96 112 96 0
162 160 128 208 128 2 default-led 1 0 0 0.01
w 160 112 112 112 0
162 208 128 256 128 2 default-led 1 0 0 0.01
w 160 128 160 112 0
162 304 128 352 128 2 default-led 1 0 0 0.01
162 256 128 304 128 2 default-led 1 0 0 0.01
w 304 64 112 64 0
S 48 96 112 96 0 3 false 0 5
w 208 96 208 128 0
w 256 80 256 128 0
w 304 64 304 128 0
x 102 244 126 247 4 14 Vbb
x 7 85 30 88 4 14 Vcc
x 46 49 112 52 4 12 Conmutador
b 112 137 47 55 0
38 21 F1 0 0 5000 -1 Re
38 43 F1 0 0 15 -1 Vbb
