$ 1 0.000005 35.60246606707791 92 5 50 5e-11
d 720 304 720 240 2 1N5712
R 432 224 432 192 0 1 40 5 0 0 0.159154943092
S 528 240 432 240 0 1 false 0 2
R 432 256 432 288 0 2 40 5 0 0 0.5
w 720 240 816 240 0
w 576 240 624 240 0
403 512 144 640 224 0 5_64_0_x281112_5_0.1_-1_2_8_2_-23_5_3_0.05_0_Entrada
O 816 240 912 240 0 0
403 752 144 880 224 0 7_64_0_x281112_20_0.1_-1_1_8_2_-23_Salida
r 624 240 720 240 0 1000
d 720 240 720 176 2 1N5712
R 720 176 720 144 0 0 40 2.45 0 0 0.5
R 720 304 720 336 0 0 40 -2.5 0 0 0.5
s 528 240 576 240 0 0 false
x 706 138 737 141 4 14 Vsup
x 709 348 732 351 4 14 Vinf
r 816 240 816 304 0 1000000
g 816 304 816 320 0 0
x 827 265 865 268 4 14 Carga
x 668 262 678 265 4 14 R
38 1 F1 3 4 500 -1 Frecuencia
38 11 F1 0 0 5 -1 Vsup
38 12 F1 0 -5 0 -1 Vinf
38 3 F1 2 -5 5 -1 \0
38 3 F1 0 1 10 -1 \0
38 3 F1 3 4 500 0 \0
