$ 1 0.000005 35.60246606707791 50 5 50 5e-11
d 720 304 720 240 2 1N5712
R 432 224 400 224 0 1 40 7.93 2.0999999999999996 0 0.159154943092
S 528 240 432 240 0 1 false 0 2
R 432 256 352 256 0 2 40 7.93 2.0999999999999996 0 0.5
w 720 240 768 240 0
g 720 304 720 320 0 0
w 528 240 624 240 0
403 512 144 640 224 0 6_64_0_x81112_5_0.1_-1_2_2_-23_6_3_0.05_0_Entrada
O 768 240 912 240 0 0
403 752 144 880 224 0 8_64_0_x81112_20_0.1_-1_1_2_-23_Salida
r 624 240 720 240 0 1000
34 zener-5 1 1.7143528192810002e-7 0 2.0000000000000084 5 1
d 768 304 768 240 2 zener-5
g 768 304 768 320 0 0
x 777 293 832 296 4 14 Zener\s5v
x 656 293 709 296 4 14 Schottky
38 1 F1 3 4 500 -1 F
38 1 F1 0 1 10 -1 Vmax
38 1 F1 2 -5 5 -1 DC\sOffset
38 3 F1 2 -5 5 2 \0
38 3 F1 0 1 10 1 \0
38 3 F1 3 4 500 0 \0
