$ 1 0.000005 382.76258214399064 33 5 50 5e-11
415 800 320 800 448 0 10 1 1 0.15 0.02 5 50 0
r 720 368 432 368 0 3.5
r 720 400 432 400 0 3.5
w 720 320 800 320 1
w 720 448 800 448 0
w 432 448 352 448 0
w 432 320 352 320 1
w 720 320 720 368 0
w 720 400 720 448 0
w 432 400 432 448 0
w 432 320 432 368 0
v 304 448 304 320 0 0 40 18.12 0 0 0.5
b 448 339 707 429 0
x 542 329 604 332 4 24 Cable
p 848 320 848 448 3 0 0 10000000
w 800 320 848 320 0
w 800 448 848 448 0
w 352 320 304 320 0
w 352 448 304 448 0
p 352 320 352 448 3 0 0 10000000
38 1 F1 0 0.1 4 -1 R\scable
38 11 F1 0 12 48 -1 V\sfuente
38 2 F1 0 0.1 4 0 \0
