$ 1 0.000005 10.20027730826997 75 5 50 5e-11
r 704 368 784 368 0 100000
r 704 240 784 240 0 100000
w 832 368 784 368 2
w 784 240 784 336 0
w 912 240 912 352 0
g 784 432 784 448 0 0
x 470 329 500 332 4 12 Señal
w 912 352 976 352 2
r 784 368 784 432 0 150000
r 784 240 912 240 0 150000
x 820 433 927 436 4 10 Amplificación\sdiferencial
b 930 437 706 188 0
x 736 389 750 392 4 11 Ra
x 736 262 750 265 4 11 Ra
x 845 258 859 261 4 11 Rb
x 801 418 815 421 4 11 Rb
v 448 240 448 368 0 2 50 1.65 1.65 0 0.5
w 640 336 672 336 0
R 640 304 608 304 4 5 300 10 0 0 0.01
w 640 272 672 272 0
w 448 368 512 368 0
403 944 256 1024 320 0 7_64_0_4354_5.764207259438426_0.0001_-1_2_7_3_Vout
403 592 336 656 384 0 17_64_0_4102_20_0.00009765625_-1_2_17_3
r 640 272 640 304 0 10000
x 561 328 592 331 4 12 Noise
x 985 352 1009 355 4 12 Vout
403 464 288 512 320 0 16_64_0_4098_5_0.00625_-1_2_16_3
403 560 288 592 320 0 18_64_0_4098_10_0.00009765625_-1_2_18_3
409 832 352 912 352 1 0.6 0 0.023100000000000002 2
R 864 320 864 304 0 0 40 12 0 0 0.5
R 864 384 864 400 0 0 40 -12 0 0 0.5
s 448 240 512 240 0 0 false
x 849 355 879 358 4 10 LM324
x 460 255 510 258 4 11 Switch
w 512 240 544 272 0
w 544 272 640 272 0
w 544 336 640 336 0
w 512 368 544 336 0
w 672 336 704 368 0
w 672 272 704 240 0
r 640 304 640 336 0 10000
403 592 224 656 272 0 19_64_0_4102_20_0.00009765625_-1_2_19_3
b 522 437 394 188 0
b 694 438 534 189 0
x 447 433 518 436 4 10 Fuente\sde\sseñal
x 585 433 691 436 4 10 Entrada\sde\sruido\scomún
w 784 336 832 336 2
b 1025 437 945 188 0
x 994 433 1021 436 4 10 Salida
38 18 F1 0 1 10 -1 Ruido
