$ 1 0.000005 10.20027730826997 50 5 50 5e-11
a 592 304 688 304 9 15 -15 1000000 -0.007568950140050132 -0.007644715330952035 100000
w 592 320 592 384 0
w 688 304 688 384 0
w 592 288 512 288 0
g 512 384 512 400 0 0
O 688 304 752 304 0 0
403 736 320 816 384 0 5_32_0_4354_10_0.1_-1_1_Vout
x 532 246 712 249 4 18 Vout\s\q\sVin\s(1\s\p\sR2/R1)
R 512 288 496 288 0 1 100 0.01 0 0 0.5
403 400 256 464 320 0 8_32_0_4354_0.01953125_0.1_-1_2_8_3_Vin
x 396 335 468 338 4 12 Señal\soriginal
x 736 401 830 404 4 12 Señal\samplificada
r 592 384 688 384 0 1000000
r 592 384 512 384 0 1000
x 542 406 562 409 4 16 R1
x 631 405 651 408 4 16 R2
38 12 F1 0 100000 1000000 -1 R2
