$ 1 0.000005 5.459815003314424 56 7 50 5e-11
w 176 192 176 224 0
w 176 272 176 224 0
c 176 272 176 336 0 1e-8 3.163440231282628 0.001
g 176 336 176 352 0 0
r 192 64 96 64 0 1000
w 192 64 240 64 0
R 240 64 240 32 0 0 40 5 0 0 0.5
165 176 96 192 96 6 0
w 240 64 304 64 0
w 304 64 304 128 0
w 480 160 304 160 0
g 304 256 304 352 0 0
w 96 128 176 128 0
g 240 336 240 352 0 0
c 240 272 240 336 0 1e-8 3.333333333333337 0.001
r 96 272 -16 272 0 1000
174 128 192 80 224 1 500000 0.5495000000000001 R2 (Duty)
w 96 272 176 272 0
w 272 256 304 256 0
x -44 114 -29 117 4 12 R1
x 88 178 103 181 4 12 R2
x 137 34 152 37 4 12 R3
x 192 296 207 299 4 12 C1
x 257 296 272 299 4 12 C2
x 212 162 248 165 4 12 NE555
x 243 76 249 79 4 12 8
x 292 122 298 125 4 12 4
x 261 251 267 254 4 12 1
x 182 187 188 190 4 12 2
x 293 155 299 158 4 12 3
x 229 252 235 255 4 12 5
x 182 220 188 223 4 12 6
x 182 123 188 126 4 12 7
174 -16 64 16 144 1 500000 0.47030000000000005 R1 (Frecuencia)
w 96 64 96 128 0
w 96 144 64 144 0
d 64 144 64 192 2 default
d 128 192 128 144 2 default
w 96 64 -16 64 0
w 128 144 96 144 0
w 96 128 96 144 0
w 16 112 16 160 0
w 16 160 -16 160 0
w -16 160 -16 272 0
w 96 224 96 272 0
w 240 256 240 272 0
x 32 293 47 296 4 12 R4
r 480 160 480 272 0 1000000
g 480 272 480 352 0 0
f 480 160 560 160 32 1.5 0.02
g 560 176 560 352 0 0
d 560 112 560 64 2 default
w 304 64 560 64 0
w 560 112 560 144 0
415 640 64 640 112 0 0.5 1 0.15 0.15 0.02 0.05 180.82 0
w 640 64 560 64 1
w 640 112 560 112 0
403 320 176 448 240 0 10_8_0_4099_5_0.00009765625_-1_2_10_3
