$ 1 0.000005 10.20027730826997 50 5 50 5e-11
407 400 352 400 432 1
407 768 352 816 352 1
g 400 384 400 416 0 0
R 704 352 704 304 0 0 40 5 0 0 0.5
R 272 464 224 464 4 5 40 5 0 0 0.5
r 400 352 336 352 0 1000
r 768 352 704 352 0 1000
w 272 464 336 464 0
w 336 464 336 352 0
w 336 464 768 464 0
w 768 464 768 384 0
g 496 384 496 416 0 0
g 864 384 864 416 0 0
r 496 352 496 288 0 2200
r 864 352 864 288 0 2200
R 496 288 496 256 0 0 40 9.6 0 0 0.5
R 864 288 864 256 0 0 40 9.6 0 0 0.5
O 496 352 560 352 0 0
O 864 352 928 352 0 0
403 544 256 640 336 0 17_64_0_x81012_10_0.1_-1_1_2_-98_Salida\s1
403 176 336 272 416 0 8_64_0_x81012_5_0.00625_-1_2_2_-98_8_3_0.002_0_Entrada
403 912 256 1008 336 0 18_64_0_x81012_10_0.1_-1_1_2_-98_Salida\s2
x 412 217 568 220 4 24 Cátodo\scomún
x 782 215 935 218 4 24 Ánodo\sComún
b 656 224 322 443 0
b 677 223 1024 443 0
38 15 F1 0 0 20 -1 Vo
38 16 F1 0 0 20 0 \0
