$ 1 0.000005 15.472767971186109 50 5 50 5e-11
r 608 336 720 336 0 6800
r 816 352 928 352 0 68000
r 720 368 720 464 0 10000
r 928 384 928 464 0 100000
r 608 416 512 416 0 100000
r 512 416 512 496 0 22000
w 608 336 608 416 0
w 512 352 512 416 0
w 608 336 608 272 0
w 720 336 720 272 0
w 816 352 816 272 0
w 816 272 816 224 0
w 720 224 720 272 0
r 720 224 816 224 0 100000
c 720 272 816 272 4 4.7e-7 -6.9465599668124405 0.001 0
g 512 496 512 512 0 0
g 720 464 720 480 0 0
g 928 464 928 480 0 0
w 928 352 928 272 0
w 928 272 928 224 0
w 1024 368 1024 272 0
w 1024 272 1024 224 0
r 1024 224 928 224 0 330000
c 1024 272 928 272 4 2.2000000000000002e-8 4.229746560802567 0.001 0
174 608 224 512 224 1 100000 0.6683 Pot
w 560 240 560 272 0
w 560 272 608 272 0
w 512 256 512 320 0
w 512 224 512 256 0
c 512 320 432 320 4 5.000000000000001e-7 -1.4047576618592836 0.001 0
g 432 320 432 368 0 0
w 608 224 608 272 0
207 608 272 640 272 4 Out1
207 816 272 848 272 4 Out2
207 1024 272 1056 272 4 Out3
R 560 352 560 384 0 0 40 -12 0 0 0.5
R 560 320 560 288 0 0 40 12 0 0 0.5
R 768 368 768 400 0 0 40 -12 0 0 0.5
R 768 336 768 304 0 0 40 12 0 0 0.5
R 976 384 976 416 0 0 40 -12 0 0 0.5
R 976 352 976 320 0 0 40 12 0 0 0.5
403 624 192 688 256 0 32_32_0_4098_20_0.1_-1_2_32_3_Out1
403 832 192 896 256 0 33_32_0_4098_20_0.1_-1_2_33_3_Out2
403 1040 192 1104 256 0 34_32_0_4098_18.512163607937456_0.0001_-1_2_34_3_Out3
a 512 336 608 336 8 12 -12 1000000 -1.4047576618592836 -2.1639481143852097 100000
a 720 352 816 352 8 12 -12 1000000 -0.0000694649050190742 0 100000
a 928 368 1024 368 8 12 -12 1000000 -0.000042297042637599294 0 100000
