$ 1 0.000005 17.532943091211475 50 5 50 5e-11
178 800 208 800 336 6 1 0.2 0.03610804149017881 0.05 1000000 0.02 20 0.015 0.005 1
t 720 432 768 432 0 1 -5.411287653416541 0.22280965953970233 100 default
r 720 432 624 432 0 1000
w 768 336 768 416 2
w 768 448 768 496 0
g 768 496 768 512 0 0
R 768 208 768 96 0 0 40 5 0 0 0.5
d 672 336 672 208 2 default
w 672 336 768 336 2
w 672 208 768 208 1
403 528 288 656 352 0 8_64_0_4099_10_0.4_-1_2_8_3
R 544 432 512 432 0 0 40 5 0 0 0.5
s 544 432 624 432 0 1 false
o 3 64 0 4098 20 0.2 0 2 3 3
