$ 1 0.000005 10.20027730826997 29 5 50 5e-11
v 320 464 224 464 0 0 40 12 0 0 0.5
r 320 464 416 464 0 0.001
b 196 414 441 569 0
b 238 414 214 386 0
w 224 464 224 384 0
w 224 224 576 224 1
S 576 224 672 224 0 0 false 0 2
w 672 208 800 208 0
w 800 208 800 240 0
w 416 384 416 464 0
w 416 384 416 352 0
w 416 352 672 352 0
r 800 240 800 352 0 0.05
r 672 240 672 352 0 500
b 426 413 402 385 0
w 224 224 224 352 0
w 672 352 800 352 0
p 224 352 416 352 3 0 0 10000000
w 224 352 224 384 0
p 224 544 320 544 3 0 0 10000000
w 224 464 224 544 0
w 320 464 320 544 0
x 377 560 435 563 4 18 Batería
x 239 408 260 411 4 36 \p
x 378 411 389 414 4 36 -
x 253 498 290 501 4 18 FEM
x 359 495 375 498 4 18 Ri
x 275 320 373 323 4 12 Tensión\sen\sbornas
x 348 202 454 205 4 12 Corriente\sentregada
x 601 197 639 200 4 12 Switch\s
x 622 300 659 303 4 18 Rext
x 817 285 909 288 4 18 Cuasi-corto
38 0 F1 0 0 20 -1 FEM
38 1 F1 0 0.001 5 -1 Ri
38 13 F1 0 500 5000 -1 Rext
