$ 1 0.000005 10.20027730826997 50 5 50 5e-11
151 640 272 720 272 0 2 5 5
151 640 368 720 368 0 2 5 5
151 640 464 720 464 0 2 5 5
151 640 560 720 560 0 2 0 5
w 720 464 816 464 0
w 816 464 816 512 0
w 816 512 544 512 0
w 544 512 544 560 0
w 544 560 576 560 0
w 576 560 576 544 0
w 576 544 640 544 0
w 576 560 576 576 0
w 576 576 640 576 0
w 640 352 576 352 0
w 576 384 640 384 0
R 816 192 816 160 0 0 40 5 0 0 0.5
g 544 192 544 208 0 0
b 607 609 754 177 0
w 544 192 608 192 0
w 816 192 752 192 0
x 615 200 626 203 4 20 7
w 640 256 608 256 0
w 640 288 608 288 0
w 720 272 752 272 0
w 720 368 752 368 0
w 640 448 608 448 0
w 640 480 608 480 0
w 720 560 752 560 0
x 725 199 747 202 4 20 14
x 614 250 625 253 4 20 1
x 615 284 626 287 4 20 2
x 615 344 626 347 4 20 4
x 615 376 626 379 4 20 5
x 615 440 626 443 4 20 9
x 615 472 637 475 4 20 10
x 615 536 637 539 4 20 12
x 615 568 637 571 4 20 13
x 727 552 747 555 4 20 11
x 737 458 748 461 4 20 8
x 737 363 748 366 4 20 6
x 737 264 748 267 4 20 3
x 644 168 716 171 4 20 SN7400
r 880 272 976 272 0 330
r 880 368 976 368 0 330
r 880 560 976 560 0 330
162 1024 272 1088 272 2 default-led 1 0 0 0.01
162 1024 368 1088 368 2 default-led 0 1 0 0.01
162 1024 560 1088 560 2 default-led 1 1 0 0.01
g 1088 272 1088 288 0 0
g 1088 368 1088 384 0 0
g 1088 560 1088 576 0 0
w 1024 272 976 272 0
w 1024 368 976 368 0
w 1024 560 976 560 0
w 880 560 752 560 0
w 880 368 752 368 0
w 880 272 752 272 0
x 984 249 1091 252 4 20 NAND\s(A,B)
x 1020 348 1094 351 4 20 NOT\s(A)
x 1000 538 1093 541 4 20 AND\s(A,B)
s 320 208 320 272 0 1 false
s 256 208 256 272 0 1 false
R 288 192 288 160 0 0 40 5 0 0 0.5
w 288 192 256 192 0
w 256 192 256 208 0
w 288 192 320 192 0
w 320 192 320 208 0
r 256 480 256 544 0 4700
r 320 480 320 544 0 4700
g 288 576 288 592 0 0
w 256 544 256 560 0
w 256 560 288 560 0
w 288 560 288 576 0
w 320 544 320 560 0
w 320 560 288 560 0
w 608 256 400 256 0
w 400 256 400 304 0
w 400 304 256 304 0
w 608 288 432 288 0
w 432 288 432 336 0
w 432 336 320 336 0
w 576 352 576 368 0
w 576 368 576 384 0
w 576 368 256 368 0
w 608 448 432 448 0
w 432 448 432 400 0
w 432 400 256 400 0
w 608 480 400 480 0
w 400 480 400 432 0
w 400 432 320 432 0
w 256 272 256 304 0
w 256 304 256 368 0
w 256 368 256 400 0
w 256 400 256 480 0
w 320 272 320 336 0
w 320 336 320 432 0
w 320 432 320 480 0
x 228 237 244 240 4 24 A
x 333 235 349 238 4 24 B
x 189 515 237 518 4 12 Pulldown
