$ 1 0.000005 124.26481670549957 49 5 50 5e-11
f 208 144 256 144 0 1.5 0.02
R 256 16 256 -16 0 0 40 15 0 0 0.5
w 96 144 208 144 3
d 304 96 304 16 2 default
415 256 96 256 16 0 0.5 100 0.15 0.15 0.02 0.05 100 0
g 256 208 256 224 0 0
w 256 208 256 160 1
R -64 176 -96 176 0 2 1000 2.5 2.5 0 0
r 96 16 96 96 0 4700
g 96 208 96 224 0 0
w 256 96 256 128 0
w 256 96 304 96 0
w 256 16 304 16 0
x 267 146 306 149 4 12 IRF620
t 48 176 96 176 0 1 -14.999999842960005 1.5099999842225194e-8 100 default
r 48 176 -16 176 0 1000
w -64 176 -16 176 1
w 96 192 96 208 0
w 96 144 96 160 0
w 96 96 96 112 1
w 256 16 96 16 0
w 96 112 96 144 0
x 98 180 134 183 4 12 BC547
x 188 62 232 65 4 12 MOTOR
x -129 209 -61 212 4 12 PWM\s(0..5V)
38 7 F1 5 0 100 -1 Duty\sCycle
