$ 1 0.000005 382.76258214399064 50 5 50 5e-11
164 592 352 688 352 0 4 5 0 0 0 false 10
165 256 352 352 352 6 0
197 864 352 1024 352 0
157 1216 352 1232 352 0 7 0 0
r 176 320 176 384 0 1000
r 176 384 176 448 0 1000
c 288 528 288 576 0 1e-8 3.3333333333333397 0.001
R 320 272 320 240 0 0 40 5 0 0 0.5
w 320 272 320 320 0
w 176 320 320 320 0
w 320 320 400 320 0
w 400 320 400 384 0
w 400 384 384 384 0
209 176 480 176 560 0 0.000009999999999999999 2.4154925531660236 0.001 1
w 176 480 256 480 0
g 176 560 176 592 0 0
g 288 576 288 592 0 0
g 352 512 352 592 0 0
w 288 512 288 528 0
w 384 416 480 416 0
w 176 448 256 448 0
w 176 448 176 480 0
162 480 416 480 496 2 default-led 1 0 0 0.01
r 480 496 480 576 0 1000
g 480 576 480 592 0 0
w 176 384 256 384 0
w 288 512 320 512 0
w 480 416 544 416 0
w 544 416 544 352 0
w 544 352 592 352 0
162 720 496 720 528 2 default-led 1 0 0 0.01
162 752 496 752 528 2 default-led 1 0 0 0.01
162 784 496 784 528 2 default-led 1 0 0 0.01
162 816 496 816 528 2 default-led 1 0 0 0.01
r 720 528 720 576 0 1000
r 752 528 752 576 0 1000
r 784 528 784 576 0 1000
r 816 528 816 576 0 1000
g 720 576 720 592 0 0
g 752 576 752 592 0 0
g 784 576 784 592 0 0
g 816 576 816 592 0 0
w 688 448 816 448 0
w 816 448 816 496 0
w 688 416 784 416 0
w 784 416 784 496 0
w 688 384 752 384 0
w 752 384 752 496 0
w 688 352 720 352 0
w 720 352 720 496 0
w 720 352 864 352 0
w 752 384 864 384 0
w 784 416 864 416 0
w 816 448 864 448 0
r 1040 352 1120 352 0 1000
r 1040 384 1120 384 0 1000
r 1040 416 1120 416 0 1000
r 1040 448 1120 448 0 1000
r 1040 480 1120 480 0 1000
r 1040 512 1120 512 0 1000
r 1040 544 1120 544 0 1000
w 1120 352 1216 352 0
w 1120 384 1216 384 0
w 1120 416 1216 416 0
w 1120 448 1216 448 0
w 1120 480 1280 480 0
w 1120 512 1312 512 0
w 1312 512 1312 480 0
w 1120 544 1344 544 0
w 1344 544 1344 480 0
w 992 352 1040 352 0
w 992 384 1040 384 0
w 992 416 1040 416 0
w 992 448 1040 448 0
w 992 480 1040 480 0
w 992 512 1040 512 0
w 992 544 1040 544 0
b 1040 328 1120 563 0
x 1038 306 1119 309 4 24 Array\sR
x 904 312 957 315 4 24 7447
x 613 317 666 320 4 24 7490
x 342 299 415 302 4 24 NE555
