$ 1 0.000005 96.77753655846766 50 5 50 5e-11
d 720 352 720 240 2 default
r 816 352 816 240 0 1000000
R 432 208 400 208 0 1 40 3.68 0 0 0.5
S 528 240 432 240 0 1 false 0 2
R 432 272 400 272 0 2 40 3.68 0 0 0.5
w 720 352 816 352 0
w 720 240 816 240 0
g 720 352 720 368 0 0
c 608 240 720 240 4 2.5000000000000004e-7 -3.4599413461676276 0 0
w 528 240 608 240 0
403 512 144 640 224 0 9_64_0_x281112_5_0.1_-1_2_8_2_-23_9_3_0.05_0_Entrada
O 816 240 912 240 0 0
403 816 144 944 224 0 11_64_0_x281112_20_0.1_-1_1_8_2_-23_Salida
w 432 208 432 224 0
w 432 256 432 272 0
38 1 F1 0 1 1000000 -1 R
38 8 F1 0 1.0000000000000001e-7 0.000001 -1 C
38 2 F1 3 4 500 -1 F
38 2 F1 0 1 5 -1 Vmax
38 4 F1 0 1 5 3 \0
38 4 F1 3 4 500 2 \0
