$ 1 0.000005 10.20027730826997 50 5 50 5e-11
v 336 176 384 176 0 0 40 1.5 0 0 0.5
p 688 256 320 256 3 0 0 10000000
p 912 256 768 256 3 0 0 10000000
p 688 96 560 96 3 0 0 10000000
p 560 96 448 96 3 0 0 10000000
p 448 96 320 96 3 0 0 10000000
w 336 176 320 176 0
w 320 176 320 256 0
w 688 96 688 176 0
w 688 176 688 256 0
w 784 96 768 96 0
w 768 96 768 176 0
w 784 176 768 176 0
w 880 96 912 96 0
w 912 96 912 176 0
w 880 176 912 176 0
w 560 96 560 176 0
w 448 96 448 176 0
r 384 176 432 176 0 0.5
b 336 144 439 209 0
b 438 161 446 192 0
w 320 96 320 176 0
b 886 161 894 192 0
b 784 144 887 209 0
r 832 176 880 176 0 0.5
v 784 176 832 176 0 0 40 1.5 0 0 0.5
v 448 176 496 176 0 0 40 1.5 0 0 0.5
r 496 176 544 176 0 0.5
b 448 144 551 209 0
b 550 161 558 192 0
v 560 176 608 176 0 0 40 1.5 0 0 0.5
r 608 176 656 176 0 0.5
b 560 144 663 209 0
b 662 161 670 192 0
x 408 206 438 209 4 18 Pila
x 520 206 550 209 4 18 Pila
x 632 206 662 209 4 18 Pila
x 854 206 884 209 4 18 Pila
x 854 126 884 129 4 18 Pila
v 784 96 832 96 0 0 40 1.5 0 0 0.5
r 832 96 880 96 0 0.5
b 784 64 887 129 0
b 886 81 894 112 0
w 768 176 768 256 0
w 912 176 912 256 0
w 656 176 688 176 0
w 432 176 448 176 0
w 544 176 560 176 0
x 318 370 438 373 4 20 Pilas\sen\sserie
x 772 371 919 374 4 20 Pilas\sen\sparalelo
r 320 320 688 320 0 500
r 768 320 912 320 0 500
w 320 256 320 320 1
w 768 256 768 320 1
x 489 343 521 346 4 16 Rext
x 825 343 857 346 4 16 Rext
s 688 256 688 320 0 0 false
s 912 256 912 320 0 0 false
38 50 F1 0 0.01 500 -1 Rext
38 51 F1 0 0.01 500 0 \0
