$ 1 0.000005 21.593987231061412 63 5 50 5e-11
g 1280 528 1280 544 0 0
w 976 272 1072 272 0
R 976 272 944 272 0 1 50 311.1269837220809 0 0 0.5
206 1280 272 1232 528 0 0.006 0.000049999999999999996 100 false
c 1072 432 1072 528 0 0.000001 -0.24345193964865916 0
g 1072 528 1072 544 0 0
203 1072 432 1232 432 0 1 100000000 33 0.000049999999999999996
181 1072 272 1280 272 0 2089.655941805279 100 220 0.4 0.4
x 1081 387 1096 390 4 12 R1
403 1376 368 1504 432 0 7_64_0_x85012_320_3.2_-1_2_100_0_7_3_1_0
403 1376 288 1504 352 0 2_64_0_x85012_320_1.6_-1_2_100_0_2_3_0.5_0
403 1376 448 1504 512 0 3_64_0_x81012_160_1.6_-1_2_100_0_3_3_0.5_0
x 1518 323 1642 326 4 12 Fuente\sde\salimentación
x 877 306 1001 309 4 12 Fuente\sde\salimentación
x 1519 404 1625 407 4 12 Tensión\sen\sbombilla
x 1519 482 1607 485 4 12 Caída\sen\sTRIAC
x 1203 247 1329 250 4 12 Bombilla\sincandescente
x 1294 346 1330 349 4 12 TRIAC
w 1232 432 1248 432 0
403 1168 448 1248 496 0 18_64_0_x81011_160_0.4_-1_2_50_0_18_3_0.05_0
r 1072 336 1072 272 0 1000
x 1042 310 1057 313 4 12 R2
174 1072 432 1024 352 1 50000 0.42080000000000006 R1
w 1072 336 1024 336 0
w 1024 336 1024 384 0
403 960 464 1040 512 0 4_64_0_x81012_40_0.4_-1_2_10_0_4_3_0.2_0_Voltaje\sen\sC
423 1134 360 1134 406 0
x 1140 404 1191 407 4 12 Ibo:\s50uA
x 1140 388 1189 391 4 12 Vbo:\s32V
x 1140 372 1168 375 4 12 DIAC
423 1290 334 1290 380 0
x 1294 378 1338 381 4 12 Ih:\s50uA
x 1294 362 1338 365 4 12 Igt:\s6mA
