$ 1 0.000005 0.26073472713092677 53 5 50 5e-11
t 320 256 368 256 2 1 -5.262188953757379 0.6812659860222157 100 default
w 224 48 128 48 0
w 368 304 368 336 3
w 368 48 224 48 0
p 416 224 416 304 3 0 0
w 416 304 368 304 0
w 368 304 368 288 0
w 416 224 368 224 0
w 368 224 368 240 0
w 208 256 288 256 3
x 243 238 260 241 4 14 Vb
x 431 256 451 259 4 12 Vce
w 368 128 368 176 3
x 376 146 386 149 4 14 Ic
x 380 92 397 95 4 14 Rc
x 213 237 224 240 4 14 Ib
r 128 192 128 128 0 1500
x 89 163 114 166 4 14 Rb1
x 88 314 113 317 4 14 Rb2
x 333 -11 804 -8 4 10 Podemos\smodificar\sRin,\sRe,\sRc,\sRb2\sy\sVcc\spara\sobservar\slos\scambios\sen\sel\scomportamiento\sdel\stransistor,
r 368 128 368 64 0 100
R -16 256 -32 256 0 1 5000 0.25 0 0 0.5
172 224 48 224 16 0 7 9 9 0 0 0.5 Vcc
403 160 272 272 352 0 9_32_0_4164_1.2500000000000002e-192_3.1250000000000017e-195_-1_2_9_3_Vb/Ib
x 375 338 386 341 4 14 Ie
403 464 48 656 176 0 12_64_0_12353_1.0000000000000001e-100_1.0000000000000001e-100_-1_2_12_3_Vc/Ic
w 368 208 368 224 0
x 501 218 517 221 4 10 Out
403 224 160 272 224 0 9_1_0_4099_1.6384_0.0008_-1_2_9_3_Base
x 413 145 429 148 4 14 Vc
w 416 384 400 384 0
x 406 339 422 342 4 14 Ve
x 428 401 445 404 4 14 Re
c 368 384 368 432 0 0.000001 0.27746727478554883 0.001
w 416 432 368 432 0
c 416 224 496 224 0 1.0000000000000001e-7 5.416207652072917 0.001
g 128 368 128 384 0 0
g 368 432 352 432 0 0
207 368 288 400 288 4 Ve
207 368 208 400 208 4 Vc
207 320 256 320 224 4 Vb
w 528 224 496 224 0
g 784 352 784 368 0 0
R 800 320 832 320 0 0 40 5 0 0 0.5
R 784 224 816 224 0 0 40 0.2 0 0 0.5
162 656 384 656 416 2 default-led 1 0 0 0.01
162 688 384 688 416 2 default-led 1 0 0 0.01
162 720 384 720 416 2 default-led 1 0 0 0.01
w 656 416 688 416 0
w 688 416 720 416 0
g 688 416 688 432 0 0
207 656 192 640 192 5 Vb
207 688 192 672 192 5 Ve
207 720 192 752 192 4 Vc
r 416 384 416 432 0 10
r 128 256 128 368 0 220
p 288 304 368 304 3 0 0
w 288 256 288 304 0
w 288 256 320 256 0
x 293 299 314 302 4 12 Vbe
p 368 208 288 208 3 0 0
w 288 208 288 256 0
x 293 202 313 205 4 12 Vcb
c 48 256 128 256 0 1.0000000000000001e-7 -1.1056795746951005 0.001
x 334 0 821 3 4 10 así\scomo\sla\sfrec.\sde\sseñal\sde\sentrada\s(F_in),\sCin\sy\sCout\spara\sobservar\slos\scambios\sel\sefecto\sde\sla\simpedancia.
x 441 198 470 201 4 14 Cout
w 128 256 128 192 2
w 368 176 368 208 0
w 0 256 -16 256 0
w 208 256 128 256 0
x -49 -19 248 -16 4 12 AMPLIFICADOR\sBASADO\sEN\sTRANSISTOR\sBJT\sNPN
x -49 15 147 18 4 12 Por\sAlejandro\sAlonso\sPuig.\sv2\s-\s2024
s 784 320 800 320 0 1 false
R 784 256 816 256 0 0 40 0.6 0 0 0.5
x -48 -2 108 1 4 12 EN\sMODO\sEMISOR\sCOMÚN
x 43 246 51 249 4 10 In
x 161 361 238 364 4 10 Curva\sde\sentrada
x 462 43 531 46 4 10 Curva\sde\ssalida
x 77 228 98 231 4 14 Cin
w 128 48 128 128 0
403 -48 176 0 224 0 68_1_0_4099_0.3125_0.00078125_-1_2_68_3
403 304 112 352 176 0 12_1_0_4099_10_0.1_-1_2_12_3_Colector
403 304 320 352 384 0 2_1_0_4099_0.625_0.1_-1_2_2_3_Emisor
w 368 384 400 384 0
w 368 272 368 288 0
w 368 336 368 384 0
b 208 256 286 224 0
b 451 346 370 312 0
b 448 128 369 164 0
. NPN\sTester 1 4 5 10 Activo 15 1 1 Corte 20 2 1 Disable 28 3 3 Gnd 3 4 3 Sat 19 0 1 Vb 22 0 0 Vbe(on) 8 1 3 Vc 24 2 0 Vce(sat) 11 0 3 Ve 23 1 0 ResistorElm\s1\s2\rResistorElm\s2\s3\rResistorElm\s4\s5\rResistorElm\s5\s6\rOpAmpElm\s5\s2\s6\rOpAmpElm\s8\s6\s7\rResistorElm\s3\s7\rResistorElm\s3\s9\rOpAmpElm\s10\s11\s9\rOpAmpElm\s12\s13\s10\rResistorElm\s12\s10\rResistorElm\s4\s12\rResistorElm\s13\s3\rResistorElm\s14\s13\rResistorElm\s15\s16\rAndGateElm\s9\s7\s17\rInverterElm\s9\s18\rAndGateElm\s18\s7\s16\rResistorElm\s19\s17\rResistorElm\s20\s21\rRelayElm\s24\s14\s25\s23\s4\s26\s22\s1\s27\s28\s0\rDiodeElm\s0\s28\rInverterElm\s7\s30\rAndGateElm\s30\s31\s21\rInverterElm\s28\s31 0\\s10000\s0\\s10000\s0\\s10000\s0\\s10000\s9\\s15\\s-15\\s1000000\\s2.4999750002491172\\s2.49999999999912\\s100000\s9\\s5\\s0\\s1000000\\s0\\s2.4999750002674404\\s100000\s0\\s330\s0\\s330\s9\\s5\\s0\\s1000000\\s2.499975000246195\\s0\\s100000\s9\\s15\\s-15\\s1000000\\s2.4999750002487784\\s2.499999999998781\\s100000\s0\\s10000\s0\\s10000\s0\\s10000\s0\\s10000\s0\\s330\s0\\s2\\s0\\s5\s0\\s0.5\\s5\s0\\s2\\s5\\s5\s0\\s330\s0\\s330\s6\\s3\\s0.000001\\s0\\s0.05\\s1000000\\s0.02\\s20\\s0.015\\s1e-9\\s0\s2\\sdefault\s0\\s0.5\\s5\s0\\s2\\s0\\s5\s0\\s0.5\\s5
410 624 224 704 304 1 NPN\sTester 0\s10000 0\s10000 0\s10000 0\s10000 9\s15\s-15\s1000000\s0.47935861964239673\s0.4793654319903023\s100000 9\s5\s0\s1000000\s0.6\s0.6812347905611432\s100000 0\s330 0\s330 9\s5\s0\s1000000\s5.943305347464047\s0.2\s100000 9\s15\s-15\s1000000\s3.110393898095769\s3.1104533311492437\s100000 0\s10000 0\s10000 0\s10000 0\s10000 0\s330 0\s2\s0\s5 0\s0.5\s5 0\s2\s5\s5 0\s330 0\s330 6\s3\s0.000001\s-1e-323\s0.05\s1000000\s0.02\s20\s0.015\s1e-9\s0 2\sdefault 0\s0.5\s5 0\s2\s0\s5 0\s0.5\s5
w 368 48 368 64 0
s 0 256 48 256 0 0 false
38 21 F1 3 0 10000 -1 F_in
38 20 F1 0 0 1000 -1 Rc
38 54 F1 0 0 1000 -1 Re
38 55 F1 0 50 1500 -1 Rb2
38 35 F1 0 1e-9 0.000009999999999999999 -1 Cout
38 63 F1 0 1e-9 0.000009999999999999999 -1 Cin
