$ 1 0.000005 222.68277840103303 50 5 50 5e-11
374 832 464 832 608 0 0.08920000000000002 Luz
r 832 464 960 464 0 1000
174 832 288 864 416 1 100000 0.42080000000000006 R
g 832 608 832 624 0 0
R 832 288 832 240 0 0 40 10 0 0 0.5
t 992 464 1040 464 0 1 -8.911990585600934 0.6739424404488776 100 default
w 1040 480 1040 608 0
w 896 608 832 608 0
178 1072 320 1072 416 6 1 0.2 0.020703348690884162 0.05 1000000 0.02 20 0.015 0.005 1
w 832 288 1040 288 0
d 992 416 992 320 2 default
w 992 320 1040 320 0
w 992 416 1040 416 0
w 1040 416 1040 448 0
w 1040 288 1040 320 0
w 960 464 992 464 2
w 1040 608 1168 608 0
w 1056 416 1056 432 0
w 1056 432 1168 432 0
w 1072 320 1072 288 0
w 1072 288 1040 288 0
181 1168 432 1168 608 0 1758.273010429796 100 14 0.4 0.4
w 896 608 1040 608 0
x 1041 469 1077 472 4 12 BC547
b 783 300 885 593 0
x 792 571 873 574 4 12 Fotoresistencia
x 1103 375 1134 378 4 12 RELÉ
x 937 372 979 375 4 12 1N4004
x 764 295 800 298 4 12 Divisor
x 1219 527 1248 530 4 18 Luz
w 864 352 864 416 0
w 864 416 832 416 0
w 832 416 832 464 0
x 795 356 821 359 4 12 100k
x 1046 495 1054 498 4 12 E
x 1010 479 1018 482 4 12 B
x 1046 449 1054 452 4 12 C
x 805 341 813 344 4 12 R
