$ 1 0.000005 35.60246606707791 56 5 50 5e-11
R 800 816 752 816 0 3 40 5 0 0 0.5
403 800 768 848 816 0 0_128_0_4098_5_0.0001_-1_2_0_3
w 976 816 800 816 0
x 987 675 1175 678 4 14 COMPARADOR\sDE\sVOLTAJE
b 791 655 1187 907 0
x 1119 813 1146 816 4 10 Salida
w 1072 800 1216 800 0
g 896 768 896 784 0 0
w 896 640 896 704 0
403 1104 752 1168 800 0 6_128_0_4610_5_0.1_-1_2_6_3
x 802 829 837 832 4 10 Entrada
401 976 800 1072 800 1 8\s15\s-15\s1000000\s3.2285378600166084\s3.886\s100000 0\s20\s10000000000 1\s0
174 896 704 896 768 1 1000 0.22280000000000003 Resistance
R 896 640 896 608 0 0 40 5 0 0 0.5
w 912 736 976 736 0
w 976 736 976 784 0
r 1072 800 1072 704 0 1000
w 896 704 1072 704 0
c 1072 800 1072 864 0 1.0000000000000001e-7 0.09803921568627452 0.001
g 1072 864 1072 880 0 0
o 2 64 0 12290 4.999999499996025 0.0001 0 2 6 0
38 0 F1 3 1 100 -1 Frequency
