$ 1 0.000005 382.76258214399064 50 5 50 5e-11
407 400 352 400 432 1
g 400 384 400 416 0 2
R 272 464 224 464 4 5 2 3.3 0 0 0.5
r 400 352 304 352 0 560
w 272 464 304 464 0
w 304 464 304 352 1
R 624 208 624 176 0 0 40 9 0 0 0.5
403 192 352 272 416 0 5_1024_0_4098_5_0.00625_-1_2_5_3_Entrada
178 704 208 704 304 6 1 0.2 5.913535671256174e-7 0.05 1000000 0.02 50 0.015 0.001 0
t 592 384 624 384 0 1 -8.596660327747594 0.403310104574289 100 default
r 496 384 592 384 0 1000
d 624 304 624 208 2 default
w 672 304 624 304 0
w 624 304 624 368 1
w 672 208 624 208 0
w 496 352 496 208 1
w 496 208 624 208 0
g 624 400 624 416 0 0
x 613 442 639 445 4 12 GND
x 383 441 418 444 4 12 DGND
