$ 1 0.000005 10.20027730826997 50 5 50 5e-11
t 704 288 704 352 0 1 -1.6999999555400018 -9.53999945707551e-9 100 default
r 704 288 592 288 0 4700
r 592 288 592 352 0 10000
w 592 352 688 352 0
w 720 352 752 352 0
r 752 352 752 288 0 10000
w 752 352 800 352 0
w 592 352 544 352 0
w 592 288 592 256 0
w 752 288 752 256 0
R 592 256 592 224 0 0 40 3.3 0 0 0.5
R 752 256 752 224 0 0 40 5 0 0 0.5
R 496 352 448 352 4 5 40 3.3 0 0 0.5
403 512 384 592 448 0 7_64_0_4098_5_0.1_-1_2_7_3
403 752 384 832 448 0 6_64_0_4098_5_0.1_-1_2_6_3
s 496 352 544 352 0 1 true
s 800 352 848 352 0 1 true
R 848 352 896 352 4 5 40 5 0 0 0.5
