$ 1 0.000009999999999999999 0.625470095193633 60 15 53 5e-11
w 240 48 336 48 0
r 240 48 240 208 0 110000
r 240 208 240 352 0 10000
t 240 208 336 208 0 1 -11.40535262933096 0.47063584402548203 100 default
w 240 352 336 352 0
g 240 352 240 384 0 0
R 240 48 144 48 0 0 40 12 0 0 0.5
r 336 48 336 192 0 10000
r 336 224 336 352 0 1000
c 240 208 160 208 0 0.0000049999999999999996 0.962363432407412 0.001
R 160 208 112 208 0 1 1000 0.5 0 0 0.5
c 336 192 416 192 0 0.0000049999999999999996 8.27583514876622 0.001
O 416 192 464 192 0 0
r 416 192 416 272 0 1000000
g 416 272 416 304 0 0
g 912 256 912 288 0 0
r 912 176 912 256 0 1000
O 912 176 960 176 0 0
c 832 176 912 176 0 0.000001 5.1151136774352 0.001
R 672 240 672 288 0 1 1000 0.2 0 0 0.5
c 736 192 656 192 0 1.0000000000000001e-7 3.795946024856928 0.001
r 832 240 832 336 0 1000
r 832 32 832 176 0 2200
R 736 32 640 32 0 0 40 12 0 0 0.5
g 736 336 736 368 0 0
w 736 336 832 336 0
t 736 192 832 192 0 1 -2.0855875978658194 0.613681313149046 100 default
r 736 240 736 336 0 10000
r 736 32 736 192 0 20000
w 736 32 832 32 0
w 832 240 832 208 0
w 736 240 736 192 0
c 720 240 672 240 0 0.000001 3.15919222361959 0.001
w 720 240 832 240 0
g 640 192 640 208 0 0
w 640 192 656 192 0
403 80 256 144 320 0 10_2_0_4098_0.625_0.00009765625_-1_2_10_3
403 416 112 496 176 0 13_2_0_4098_5_0.00009765625_-1_2_13_3
403 608 320 672 384 0 19_2_0_12290_0.19998991221625798_0.0001_-1_2_19_3
403 912 96 992 160 0 16_2_0_4098_1.25_0.0015625_-1_2_16_3
g 1472 272 1472 304 0 0
r 1472 192 1472 272 0 1000000
O 1472 192 1520 192 0 0
c 1392 192 1472 192 0 0.0000049999999999999996 2.07023106476511 0.001
R 1216 176 1168 176 0 1 1000 2 0 0 0.5
c 1296 176 1216 176 0 0.0000049999999999999996 2.559075732775653 0.001
r 1392 192 1392 320 0 2200
r 1392 16 1392 160 0 4800
R 1296 16 1200 16 0 0 40 12 0 0 0.5
g 1296 320 1296 352 0 0
w 1296 320 1392 320 0
t 1296 176 1392 176 0 1 -11.154807647361597 0.516072242148986 100 default
r 1296 176 1296 320 0 30000
r 1296 16 1296 176 0 90000
w 1296 16 1392 16 0
403 1136 80 1216 144 0 44_2_0_4098_2.5_0.000390625_-1_2_44_3
403 1472 96 1536 160 0 41_2_0_4098_2.5_0.00009765625_-1_2_41_3
x 186 468 344 471 4 24 Emisor\sComún
x 762 459 900 462 4 24 Base\sComún
x 1307 448 1480 451 4 24 Colector\sComún
x 400 -44 1283 -41 4 50 Configuraciones\sde\sun\stransistor\sbipolar
