$ 1 0.000005 10.20027730826997 50 5 50 5e-11
a 560 304 672 304 9 15 -15 1000000 1.020247281031818 1.0202574835046283 100000
w 560 320 560 384 0
w 560 384 672 384 0
w 672 384 672 304 0
r 448 224 672 224 0 10000
w 672 224 672 304 0
w 560 288 512 288 0
r 512 288 512 368 0 10000
g 512 368 512 384 0 0
c 512 288 448 288 0 1.0000000000000001e-7 0.11775061829748301 2.2e-7
c 448 288 384 288 0 1.0000000000000001e-7 -0.040565285676033236 0.001
w 448 224 448 288 0
O 672 304 736 304 0 0
403 720 320 800 384 0 12_32_0_x83212_10_0.1_-1_1_1_0
w 384 288 352 288 0
403 320 320 400 384 0 14_32_0_12806_3.485177824255245_0.0001_-1_2_14_3
R 272 176 256 176 0 1 40 2 0 0 0.159154943092
x 590 127 799 130 4 18 Filtro\sSallen\sKey\spaso\salto
R 272 288 256 288 0 1 1000 5 0 0 0.5
r 272 176 352 176 0 100
r 272 288 352 288 0 100
w 352 176 352 288 0
403 144 256 208 320 0 18_32_0_4610_10_0.1_-1_2_18_3
403 144 128 208 192 0 16_32_0_4614_2.5_0.1_-1_2_16_3
b 224 128 362 209 0
x 224 121 359 124 4 12 Se単al\sexterna\sindeseable
x 142 339 214 342 4 12 Se単al\soriginal
x 303 400 426 403 4 12 Se単al\scon\sruido\sa\sfiltrar
x 720 401 790 404 4 12 Se単al\sfiltrada
38 16 F1 3 4 300 -1 Frequency
