$ 1 0.000005 10.20027730826997 50 5 50 5e-11
a 592 304 688 304 9 15 -15 1000000 0.6197612760311998 0.6197736712567203 100000
w 592 320 592 384 0
w 688 304 688 384 0
r 384 288 448 288 0 25000
w 688 224 688 304 0
w 592 288 512 288 0
g 512 384 512 400 0 0
c 688 224 448 224 0 2.5e-8 0.49476240612577294 2.2e-7
w 448 224 448 288 0
O 688 304 752 304 0 0
403 736 320 816 384 0 9_128_0_4610_10_0.1_-1_1
w 384 288 352 288 0
403 320 320 400 384 0 11_128_0_4614_4.384443635304669_0.0001_-1_2_11_3
R 272 176 256 176 0 1 2207.8 2 0 0 0.159154943092
x 594 127 808 130 4 18 Filtro\sSallen\sKey\spaso\sbajo
R 272 288 256 288 0 1 10 5 0 0 0.5
r 272 176 352 176 0 100
r 272 288 352 288 0 100
w 352 176 352 288 0
403 144 256 208 320 0 15_128_0_4610_5_0.1_-1_2_15_3
403 144 128 208 192 0 13_32_0_4614_2.5_0.1_-1_2_13_3
b 224 128 362 209 0
x 224 121 359 124 4 12 Señal\sexterna\sindeseable
x 142 339 214 342 4 12 Señal\soriginal
x 303 400 426 403 4 12 Señal\scon\sruido\sa\sfiltrar
x 736 401 806 404 4 12 Señal\sfiltrada
r 448 288 512 288 0 25000
c 512 288 512 384 0 2.5e-8 0.6197736712567203 2.2e-7
r 592 384 688 384 0 100000
r 592 384 512 384 0 100000
x 638 149 776 152 4 18 con\samplificación
38 13 F1 3 10 10000 -1 Frequency
