$ 1 0.000005 10.20027730826997 64 5 50 5e-11
v 368 352 368 144 0 0 40 5 0 0 0.5
r 496 144 496 256 0 100000
w 368 144 496 144 1
w 576 256 496 256 0
p 576 256 576 352 3 0 1 0
w 368 352 496 352 0
w 576 352 496 352 0
x 327 253 339 256 4 12 5v
374 496 256 496 352 0 0.406 Brillo\s1
374 880 144 880 256 0 0.41590000000000005 Brillo\s2
x 711 253 723 256 4 12 5v
w 960 352 880 352 0
w 752 352 880 352 0
p 960 256 960 352 3 0 1 0
w 960 256 880 256 0
w 752 144 880 144 1
r 880 256 880 352 0 100000
v 752 352 752 144 0 0 40 5 0 0 0.5
x 426 299 462 302 4 12 Brillo\s1
x 805 193 841 196 4 12 Brillo\s2
