$ 1 0.000005 10.20027730826997 58 5 50 5e-11
174 400 304 400 416 1 100000 0.5495000000000001 P2
r 608 368 720 368 0 10000
r 608 416 720 416 0 10000
w 768 368 720 368 2
w 720 368 720 416 0
174 768 240 864 256 1 350000 0.0743 P1
w 816 256 816 272 0
w 816 272 768 272 0
w 768 272 768 336 0
w 864 240 880 240 0
w 880 240 880 352 1
g 704 272 704 288 0 0
174 512 464 512 512 1 10000 0.8366000000000001 LM35/TMP36
w 528 496 608 496 0
w 608 496 608 416 3
x 352 505 460 508 4 18 LM35/TMP36
x 803 226 825 229 4 18 P1
x 359 376 381 379 4 18 P2
w 480 464 512 464 0
w 480 528 512 528 0
R 400 304 368 304 0 0 40 10 0 0 0.5
g 512 528 512 544 0 0
w 608 368 416 368 3
a 768 352 880 352 8 10 -10 1000000 0.0022669571860176444 0.0022677143383829884 100000
R 480 464 448 464 0 0 40 2 0 0 0.5
R 400 432 368 432 0 0 40 -10 0 0 0.5
x 821 322 855 325 4 12 TL081
x 836 225 862 228 4 12 350k
x 370 393 386 396 4 12 1M
x 1062 370 1104 373 4 12 SALIDA
w 976 352 1040 352 0
g 1040 480 1040 496 0 0
34 fwdrop\q0.5 1 3.15e-7 0 1.2912656620468292 70 1
d 1040 432 1040 352 2 fwdrop\q0.5
w 1040 352 1104 352 2
g 976 480 976 496 0 0
34 zener-5 1 1.7143528192810002e-7 0 2.0000000000000084 5 1
z 976 432 976 352 2 zener-5
r 912 352 976 352 0 1000
w 880 352 912 352 2
w 976 432 976 480 1
w 1040 432 1040 480 1
r 768 272 704 272 0 10000
x 780 403 881 406 4 12 Vs\p\q10v,\sVs-\q-10v
o 13 64 0 4098 2.5 0.0001953125 0 2 13 3
