$ 1 0.000005 10.20027730826997 70 5 50 5e-11
174 272 224 272 336 1 100000 0.42080000000000006 P2
r 432 288 496 288 0 10000
r 496 224 608 224 0 10000
w 496 224 496 288 0
w 608 224 608 304 3
r 608 304 720 304 0 10000
r 608 368 720 368 0 10000
w 720 304 720 336 0
w 720 336 720 368 0
w 720 336 768 336 0
174 768 240 864 256 1 500000 0.3713 P1
w 816 256 816 272 0
w 816 272 768 272 0
w 768 272 768 336 0
w 864 240 880 240 0
w 880 240 880 352 1
g 768 368 768 416 0 0
g 496 320 496 368 0 0
174 512 432 512 480 1 10000 0.797 LM35/TMP36
w 528 464 608 464 0
w 608 464 608 368 3
x 352 473 496 476 4 24 LM35/TMP36
w 880 352 912 352 2
x 803 226 832 229 4 24 P1
x 231 296 260 299 4 24 P2
w 480 432 512 432 0
w 480 496 512 496 0
R 272 224 240 224 0 0 40 10 0 0 0.5
g 512 496 512 512 0 0
w 432 288 288 288 3
a 496 304 608 304 8 10 -10 1000000 0.000004608244022123978 0 100000
a 768 352 880 352 8 10 -10 1000000 -0.00003498644564802422 0 100000
R 480 432 448 432 0 0 40 2 0 0 0.5
R 272 352 240 352 0 0 40 -10 0 0 0.5
r 912 352 976 352 0 1000
34 zener-5 1 1.7143528192810002e-7 0 2.0000000000000084 5 1
z 976 432 976 352 2 zener-5
g 976 480 976 496 0 0
w 1040 352 1104 352 2
34 fwdrop\q0.5 1 3.15e-7 0 1.2912656620468292 70 1
d 1040 432 1040 352 2 fwdrop\q0.5
g 1040 480 1040 496 0 0
w 976 352 1040 352 0
x 1062 368 1104 371 4 12 SALIDA
w 976 432 976 480 1
w 1040 432 1040 480 1
o 19 64 0 4098 20 0.0001953125 0 4 19 3 22 0 22 3
