$ 1 0.000005 10.20027730826997 58 5 50 5e-11
r 640 368 720 368 0 1000
r 656 256 704 256 0 1000
w 768 368 720 368 2
w 768 256 768 336 0
w 880 256 880 352 1
g 720 432 720 448 0 0
174 528 400 544 352 1 10000 0.46040000000000003 LM35/TMP36
w 656 256 576 256 3
x 402 375 510 378 4 18 LM35/TMP36
w 496 336 528 336 0
w 496 400 528 400 0
R 576 256 544 256 0 0 40 0.3 0 0 0.5
w 640 368 592 368 3
a 768 352 880 352 8 10 -10 1000000 0.3337996105770312 0.33381410244462745 100000
R 496 336 464 336 0 0 40 0.45 0 0 0.5
x 821 322 855 325 4 12 TL081
x 1062 370 1104 373 4 12 SALIDA
w 976 352 1040 352 0
34 fwdrop\q0.5 1 3.15e-7 0 1.2912656620468292 70 1
d 1040 432 1040 352 2 fwdrop\q0.5
w 1040 352 1104 352 2
34 zener-5 1 1.7143528192810002e-7 0 2.0000000000000084 5 1
z 976 432 976 352 2 zener-5
r 912 352 976 352 0 10000
w 880 352 912 352 2
w 976 432 976 480 1
w 1040 432 1040 480 1
r 720 368 720 432 0 33000
x 780 403 881 406 4 12 Vs\p\q10v,\sVs-\q-10v
w 704 256 768 256 0
r 768 256 880 256 0 33000
w 592 368 544 368 0
g 976 480 976 496 0 0
g 1040 480 1040 496 0 0
R 496 400 464 400 0 0 40 0.3 0 0 0.5
x 399 446 606 449 4 12 LM35/TMP36\sen\srango\sde\stemperatura
x 400 461 562 464 4 12 30\sa\s45\sgrados\s(300\sa\s450mV)
x 532 275 546 278 4 12 Vo
x 793 296 861 299 4 12 Ganancia\s33
x 742 435 931 438 4 12 Configuración\samplificador\srestador
