$ 1 0.000005 10.20027730826997 58 5 50 5e-11
r 704 368 784 368 0 100000
r 720 256 768 256 0 100000
w 800 368 784 368 2
w 800 256 800 336 0
w 912 256 912 352 1
g 784 432 784 448 0 0
w 720 256 640 256 3
a 800 352 912 352 8 5 0 1000000 2.777614082809397 2.7776389027756565 100000
x 853 322 887 325 4 12 TL081
x 940 370 982 373 4 12 SALIDA
w 912 352 976 352 2
r 784 368 784 432 0 125000
x 826 400 910 403 4 12 Vs\p\q5v,\sVs-\q0v
w 768 256 800 256 0
r 800 256 912 256 0 125000
x 753 475 926 478 4 11 Configuración\samplificador\srestador
172 384 272 384 240 0 7 0.5 0.5 0.1 0 0.5 V Sensor
r 640 256 640 304 0 1000
r 640 256 640 192 0 4000
R 640 192 640 176 0 0 40 5 0 0 0.5
a 448 368 560 368 9 5 0 1000000 0.4999750024997501 0.5 100000
w 560 368 704 368 2
r 448 432 560 432 0 90000
w 560 368 560 432 0
w 448 384 448 432 0
r 448 432 368 432 0 10000
g 368 432 368 448 0 0
g 640 304 640 320 0 0
x 437 475 567 478 4 11 Configuración\samplificador
x 368 234 402 237 4 11 Sensor
x 453 330 537 333 4 12 Vs\p\q5v,\sVs-\q0v
b 576 480 352 295 0
w 384 272 384 352 0
w 384 352 448 352 0
b 931 479 707 230 0
b 608 144 674 341 0
x 622 156 655 159 4 11 Divisor
x 736 389 750 392 4 11 Ra
x 736 278 750 281 4 11 Ra
x 845 274 859 277 4 11 Rb
x 801 418 815 421 4 11 Rb
x 496 453 510 456 4 11 R2
x 400 453 414 456 4 11 R1
x 652 215 665 218 4 11 Rc
x 653 299 667 302 4 11 Rd
