$ 1 0.000005 21.593987231061412 58 5 50 5e-11
r 608 368 720 368 0 100000
r 608 416 720 416 0 100000
w 768 368 720 368 2
w 720 368 720 416 0
w 880 384 880 480 0
w 768 400 768 480 0
g 768 544 768 560 0 0
x 554 437 611 440 4 18 Sensor
R 464 304 464 288 0 0 40 5 0 0 0.5
w 608 368 464 368 3
a 768 384 880 384 9 5 0 1000000 0.9999750012499372 0.9999999999999997 100000
x 901 365 943 368 4 12 SALIDA
w 880 384 960 384 2
r 880 480 768 480 0 40000
x 774 337 858 340 4 12 Vs\p\q5v,\sVs-\q0v
r 768 544 768 480 0 10000
r 464 304 464 368 0 4000
g 464 416 464 432 0 0
167 960 384 1008 384 0 4
R 960 480 928 480 0 0 40 5 0 0 0.5
x 967 357 992 360 4 12 ADC
r 464 416 464 368 0 1000
172 608 416 576 416 0 7 1 1 -1 0 0.5 Sensor
o 22 64 0 12290 4.9998750062496855 0.0001 0 4 22 3 12 0 12 3
