$ 1 0.000005 10.20027730826997 50 5 50 5e-11
174 496 240 496 352 1 100000 0.5693 P2
r 608 304 720 304 0 10000
r 608 368 720 368 0 10000
w 720 304 720 336 0
w 720 336 720 368 0
w 720 336 768 336 0
174 768 240 864 256 1 500000 0.3713 P1
w 816 256 816 272 0
w 816 272 768 272 0
w 768 272 768 336 0
w 864 240 880 240 0
w 880 240 880 352 0
g 768 368 768 416 0 0
174 512 432 512 480 1 10000 0.7871 LM35/TMP36
w 528 464 608 464 0
w 608 464 608 368 2
x 352 473 496 476 4 24 LM35/TMP36
x 803 226 832 229 4 24 P1
x 455 312 484 315 4 24 P2
w 480 432 512 432 0
w 480 496 512 496 0
R 496 240 464 240 0 0 40 10 0 0 0.5
g 512 496 512 512 0 0
w 608 304 512 304 2
a 768 352 880 352 8 10 -10 1000000 -0.000011570502309905106 0 100000
R 480 432 448 432 0 0 40 2 0 0 0.5
R 496 368 464 368 0 0 40 -10 0 0 0.5
r 928 256 992 256 0 1000
34 zener-5 1 1.7143528192810002e-7 0 2.0000000000000084 5 1
z 1056 256 992 256 2 zener-5
g 1056 256 1056 272 0 0
w 1072 352 1120 352 2
34 fwdrop\q0.5 1 3.15e-7 0 1.2912656620468292 70 1
d 992 432 992 352 2 fwdrop\q0.5
g 992 432 992 448 0 0
R 928 256 928 224 0 0 40 10 0 0 0.5
d 992 352 992 256 2 fwdrop\q0.5
r 880 352 992 352 0 1000
r 992 352 1072 352 0 1000
x 1016 237 1028 240 4 12 5v
x 821 322 855 325 4 12 TL081
x 836 225 852 228 4 12 1M
x 466 329 482 332 4 12 1M
x 1081 373 1123 376 4 12 SALIDA
o 14 64 0 4098 1.25 0.0001953125 0 2 14 3
