$ 1 0.000005 10.20027730826997 50 5 50 5e-11
R 592 272 592 240 0 0 40 20 0 0 0.5
w 592 384 592 400 1
g 592 400 592 416 0 0
w 592 368 592 384 0
r 592 272 592 336 0 10000
w 592 336 656 336 2
R 416 352 384 352 4 5 40 12 0 0 0.5
403 368 272 432 320 0 6_64_0_4098_19.2_0.0001_-1_2_6_3
w 544 352 480 352 1
403 672 304 736 352 0 5_64_0_4098_40_0.1_-1_2_5_3
f 544 352 592 352 32 1.5 0.02
x 430 333 471 336 4 12 V\sPulso
w 416 352 480 352 2
x 584 234 604 237 4 12 Vcc
38 6 F1 0 0 12 -1 V\sPulso
38 0 F1 0 1 20 -1 Vcc
