$ 1 0.0000012135922330097087 10.20027730826997 50 5 50 5e-11
w 560 288 512 288 0
g 512 352 512 368 0 0
O 560 288 624 288 0 0
403 592 304 656 352 0 2_16_0_4610_5_0.1_-1_1
w 384 288 352 288 0
403 336 304 400 352 0 4_16_0_4614_4.384443635304669_0.0001_-1_2_4_3
R 272 176 256 176 0 1 100000 2 0 0 0.159154943092
x 508 130 662 133 4 18 Filtro\sRC\spaso\sbajo
R 272 288 256 288 0 1 1000 5 0 0 0.5
w 352 176 352 288 0
403 144 240 208 288 0 8_16_0_4610_10_0.1_-1_2_8_3
403 144 112 208 160 0 6_1_0_4614_2.5_0.1_-1_2_6_3
b 230 137 336 202 0
x 242 132 316 135 4 12 Ruido\sexterno
x 240 245 312 248 4 12 Señal\soriginal
x 333 414 403 417 4 12 Señal\sa\sfiltrar
x 591 416 661 419 4 12 Señal\sfiltrada
r 384 288 512 288 0 10000
c 512 352 512 288 4 1e-9 -2.4671988114820342 0.001 0
b 417 260 555 357 0
x 422 349 469 352 4 12 Filtro\sRC
403 336 352 400 400 0 4_2_0_5124_5_0.1_-1_2_4_3
403 144 288 208 336 0 8_2_0_5124_5_0.1_-1_2_8_3
403 592 352 656 400 0 2_2_0_5124_5_0.1_-1_1
403 144 160 208 208 0 6_2_0_5124_5_0.1_-1_2_6_3
b 228 251 334 316 0
c 272 176 352 176 4 0.00001 -1.5089705598543222 0.001 0.1
c 272 288 352 288 4 0.000009999999999999999 1.5112173797355193 0.001 0
38 6 F1 3 1000 100000 -1 Frecuencia
