$ 1 3.6764705622837373e-10 10.20027730826997 50 5 43 5e-11
c 144 240 224 240 4 1e-9 -0.3007296785952889 0.001 0
r 224 240 224 336 0 16000
g 224 336 224 352 0 0
r 288 240 352 240 0 200
c 352 240 352 336 4 1e-9 -0.5318858160289708 0.001 0
g 352 336 352 352 0 0
O 352 240 448 240 0 0
w 144 240 128 240 0
403 64 272 128 336 0 7_64_0_4098_5_0.1_-1_2_7_3
403 416 272 480 336 0 6_64_0_x281012_0.625_0.1_-1_1_5_1_0
170 128 240 96 240 3 1000 5000000 5 0.000009999999999999999
x 125 231 167 234 4 12 Entrada
b 272 336 145 190 0
b 399 336 272 190 0
w 288 240 224 240 0
x 154 182 261 185 4 12 Paso\salto\sFc\q10kHz
x 278 182 395 185 4 12 Paso\sbajo\sFc\q796kHz
x 215 148 337 151 4 12 FILTRO\sPASO\sBANDA
