$ 1 0.000005 10.20027730826997 35 5 50 5e-11
r 336 176 528 176 0 2
r 656 176 848 176 0 4
v 336 176 336 416 0 0 40 10 0 0 0.5
r 336 416 496 416 0 4
r 592 416 592 304 0 3
r 848 416 848 304 0 2
v 848 304 848 176 0 0 40 4 0 0 0.5
v 592 224 592 304 0 0 40 6 0 0 0.5
w 688 416 848 416 0
w 528 176 592 176 1
w 592 176 656 176 1
w 592 176 592 224 1
w 496 416 592 416 0
w 592 416 688 416 0
x 362 299 403 302 4 12 V1\q10v
x 614 268 648 271 4 12 V2\q6v
x 873 245 907 248 4 12 V3\q4v
x 410 393 425 396 4 12 R3
x 602 352 617 355 4 12 R4
x 424 154 439 157 4 12 R1
x 745 152 760 155 4 12 R2
x 857 352 872 355 4 12 R5
x 377 488 427 491 4 12 Kirchhoff:
x 386 511 430 514 4 12 I1\qI2\pI3
x 516 168 532 171 4 20 I1
x 671 169 687 172 4 20 I2
x 597 227 613 230 4 20 I3
x 386 527 559 530 4 12 M1\s->\s\s-V1-VR1\pV2-VR4-VR3\q0
x 386 545 556 548 4 12 M2\s->\s\pVR4-V2-VR2-V3-VR5\q0
x 821 245 826 248 4 12 ^
x 305 302 311 305 4 12 v
x 306 298 309 301 4 12 I
x 564 268 567 271 4 12 I
x 563 272 569 275 4 12 v
x 822 248 825 251 4 12 I
x 828 364 831 367 4 12 I
x 827 361 832 364 4 12 ^
x 572 365 575 368 4 12 I
x 571 362 576 365 4 12 ^
x 424 196 435 199 4 12 <-
x 744 196 755 199 4 12 <-
x 410 435 421 438 4 12 ->
x 403 447 426 450 4 12 VR3
x 541 365 564 368 4 12 VR4
x 798 364 821 367 4 12 VR5
x 740 208 763 211 4 12 VR2
x 420 210 443 213 4 12 VR1
x 456 302 489 305 4 24 M1
x 712 302 745 305 4 24 M2
x 497 296 500 299 4 12 I
x 496 300 502 303 4 12 v
x 754 297 757 300 4 12 I
x 753 301 759 304 4 12 v
x 468 277 479 280 4 12 ->
x 725 277 736 280 4 12 ->
x 445 295 450 298 4 12 ^
x 446 298 449 301 4 12 I
x 698 297 703 300 4 12 ^
x 699 300 702 303 4 12 I
x 466 320 477 323 4 12 <-
x 722 321 733 324 4 12 <-
423 378 502 378 545 0
x 727 509 798 512 4 12 I1\s\q\s916.7mA
423 685 526 658 505 0
423 658 513 619 513 0
423 619 513 619 541 0
423 685 526 658 549 0
423 658 541 658 549 0
423 658 505 658 513 0
423 658 541 619 541 0
x 727 525 775 528 4 12 I2\s\q\s1.4A
x 727 541 788 544 4 12 I3\s\q\s500mA
x 577 215 583 218 4 12 v
x 578 211 581 214 4 12 I
x 499 168 510 171 4 12 <-
x 657 169 668 172 4 12 <-
x 510 434 521 437 4 12 ->
x 493 435 503 438 4 12 I1
