$ 1 0.000005 35.60246606707791 56 5 50 5e-11
R 848 784 800 784 0 3 30 2.5 2.5 0 0.5
403 832 720 880 768 0 0_128_0_4098_5_0.0001_-1_2_0_3
w 896 784 848 784 0
x 1084 794 1111 797 4 10 Salida
w 1056 800 1104 800 0
g 896 880 896 896 0 0
403 1040 736 1104 784 0 4_128_0_12802_4.884694396107233_0.0001_-1_2_4_3
x 837 776 872 779 4 10 Entrada
R 896 704 896 672 0 0 40 5 0 0 0.5
w 896 816 960 816 2
w 896 768 896 816 0
r 896 880 896 816 0 1000
r 896 768 896 704 0 1000
a 576 800 672 800 9 5 0 1000000 2.5 2.9270000286870026 100000
w 960 784 896 784 2
409 960 800 1056 800 3 0.6 -4.957373947271469 0.023100000000000002 0
R 1008 768 1008 736 0 0 40 5 0 0 0.5
g 1008 832 1008 848 0 0
g 624 832 624 848 0 0
R 624 768 624 736 0 0 40 5 0 0 0.5
w 576 784 512 784 2
r 512 768 512 704 0 1000
r 512 880 512 816 0 1000
w 512 768 512 816 0
w 512 816 576 816 2
R 512 704 512 672 0 0 40 5 0 0 0.5
x 453 776 488 779 4 10 Entrada
g 512 880 512 896 0 0
w 672 800 720 800 0
x 700 794 727 797 4 10 Salida
w 512 784 464 784 0
R 464 784 416 784 0 3 30 2.5 2.5 0 0.5
403 944 880 1072 944 0 4_64_0_12290_4.999500026170562_0.0001_-1_6_4_3_0_0_0_3_9_0_9_3_REAL
403 560 880 720 944 0 28_64_0_12290_5.000249947502617_0.0001_-1_6_28_3_31_0_31_3_24_0_24_3_IDEAL
x 592 966 694 969 4 18 Opamp\sideal
x 959 963 1053 966 4 18 Opamp\sreal
x 983 804 1019 807 4 12 LM741
x 602 804 636 807 4 12 IDEAL
