$ 1 0.000005 0.48711659992454737 50 5 50 5e-11
a 592 304 688 304 9 15 -15 1000000 -0.002637038831371425 -0.002663435590073453 100000
w 592 320 592 384 0
w 688 304 688 384 0
w 592 288 512 288 0
g 512 384 512 400 0 0
O 688 304 752 304 0 0
403 736 320 832 384 0 5_4_0_4354_6.266772777944423_0.0001_-1_1_Vout
R 432 224 416 224 0 1 1000 0.01 0 0 0.5
403 320 208 384 240 0 7_4_0_4354_0.009765625_0.1_-1_2_7_3_Vin1
x 736 401 830 404 4 12 Señal\samplificada
r 592 384 688 384 0 1000000
r 592 384 512 384 0 1000
x 542 406 562 409 4 16 Rg
x 631 405 647 408 4 16 Rf
r 432 224 512 224 0 10000
r 432 288 512 288 0 10000
R 432 288 416 288 0 1 3000 0.0033 0 0 0.5
r 432 352 512 352 0 10000
R 432 352 416 352 0 1 5000 0.002 0 0 0.5
w 512 224 512 288 0
w 512 288 512 352 0
R 640 288 640 256 0 0 40 15 0 0 0.5
R 640 320 640 352 0 0 40 -15 0 0 0.5
403 528 224 608 272 0 3_4_0_4354_0.006197844537894273_0.0001_-1_2_3_3
403 320 272 384 304 0 16_4_0_4354_0.0033_0.0001_-1_2_16_3_Vin2
403 320 336 384 368 0 18_4_0_4354_0.00244140625_0.00009765625_-1_2_18_3_Vin3
x 462 201 482 204 4 16 R1
x 463 265 483 268 4 16 R2
x 463 329 483 332 4 16 R3
38 10 F1 0 100000 1000000 -1 Rf
