$ 1 0.000005 69.34413510434165 50 5 50 5e-11
v 400 384 400 192 0 1 462.16 312 0 -1.0681415022205296 0.5
403 672 192 896 368 0 0_64_0_5120_0.0001_0.0001_-1_2_0_3
r 288 192 288 384 0 10000
w 288 192 400 192 0
w 288 384 400 384 0
403 448 192 640 368 0 2_4_0_xa5112_9.999999732750856_0.0001_-1_2_100_-17_2_3_0.000049999999999999996_0
x 470 390 624 393 4 18 Dominio\sdel\stiempo
x 687 392 885 395 4 18 Dominio\sde\sla\sfrecuencia
b 656 400 904 182 0
b 656 400 433 182 0
38 0 F1 3 4 1000 -1 Frecuencia
38 0 F1 4 -180 180 -1 Fase
38 0 F1 0 0 312 -1 Vmax
