$ 1 0.000005 11.086722712598126 50 5 50 5e-11
374 336 480 336 608 0 0.3664 Light\sBrightness
r 336 448 336 288 0 10000
r 464 288 464 384 0 10000
174 464 384 496 496 1 100000 0.0743 Resistance
409 576 464 736 464 1 0.6 -19.916000554307395 0.0231 0
g 464 608 464 624 0 0
w 336 608 464 608 0
w 656 528 656 496 0
w 336 288 464 288 0
w 464 288 656 288 0
w 656 400 656 432 0
R 464 288 464 240 0 0 40 10 0 0 0.5
w 336 448 336 480 2
w 576 480 336 480 0
w 464 512 464 608 0
w 528 448 496 448 2
w 736 464 784 464 2
w 528 448 576 448 0
w 464 608 656 608 0
162 784 464 784 528 2 default-led 1 0 0 0.01
r 784 528 784 608 0 330
w 656 608 784 608 0
r 784 464 896 464 0 10000
t 992 464 1040 464 0 1 -7.686726729746775 0.7089742122141388 100 default
w 1040 480 1040 608 0
w 896 608 784 608 0
178 1072 320 1072 416 6 1 0.2 0.08021495281228645 0.05 1000000 0.02 20 0.015 0.005 1
w 656 288 1040 288 0
d 992 416 992 320 2 default
w 992 320 1040 320 0
w 992 416 1040 416 0
w 1040 416 1040 448 0
w 1040 288 1040 320 0
w 896 464 992 464 3
w 1040 608 1168 608 0
w 1056 416 1056 432 0
w 1056 432 1168 432 0
w 1072 320 1072 288 0
w 1072 288 1040 288 0
181 1168 432 1168 608 0 377.0016134236218 100 120 0.4 0.4
R 656 528 688 528 0 0 40 -10 0 0 0.5
R 656 400 688 400 0 0 40 10 0 0 0.5
d 896 608 896 464 2 default
w 896 608 1040 608 0
x 1052 474 1107 477 4 18 BC547
x 669 438 720 441 4 18 TL081
b 416 304 530 471 0
b 272 304 406 597 0
b 752 480 821 596 0
b 960 304 1139 426 0
x 279 580 401 583 4 18 Fotoresistencia
x 803 508 838 511 4 18 LED
x 498 378 553 381 4 18 Divisor
x 1103 375 1150 378 4 18 RELÉ
x 917 379 980 382 4 18 1N4004
x 909 542 972 545 4 18 1N4004
x 256 436 311 439 4 18 Divisor
x 1219 527 1248 530 4 18 Luz
