$ 1 0.000005 11.086722712598126 50 5 50 5e-11
374 336 480 336 608 0 0.4852 Light
r 336 448 336 288 0 10000
r 464 320 464 400 0 10000
174 464 448 496 512 0 100000 0.11390000000000002 Rv
409 624 464 688 464 3 0.6 -19.915443851023813 0.023100000000000002 0
g 464 608 464 624 0 0
w 336 608 464 608 0
w 336 288 464 288 0
w 464 288 656 288 0
R 464 288 464 240 0 0 40 10 0 0 0.5
w 336 448 336 480 2
w 576 448 336 448 0
w 464 288 464 320 0
w 624 480 576 480 2
w 688 464 720 464 2
w 496 480 576 480 0
w 464 608 656 608 0
w 656 608 720 608 0
r 720 464 768 464 0 10000
t 864 464 912 464 2 1 -7.686380827831186 0.7089796999247905 100 default
w 912 480 912 608 1
w 864 608 720 608 0
178 944 320 944 416 6 1 0.2 0.08023197365484294 0.05 1000000 0.02 20 0.015 0.005 1
w 656 288 912 288 0
d 864 416 864 320 2 default
w 864 320 912 320 0
w 864 416 912 416 0
w 912 416 912 448 0
w 912 288 912 320 0
w 768 464 864 464 3
w 928 416 928 432 0
w 928 432 1040 432 0
w 944 320 944 288 0
181 1040 432 1040 608 0 1116.1224337698065 60 300 0.4 0.4
x 923 486 959 489 4 12 BC547
x 631 467 665 470 4 12 TL081
b 422 303 536 598 0
b 272 304 406 597 0
b 832 304 1011 426 0
x 351 532 375 535 4 12 LDR
x 477 319 532 322 4 18 Divisor
x 975 375 1006 378 4 12 RELÉ
x 812 373 854 376 4 12 1N4004
x 275 318 330 321 4 18 Divisor
x 1091 527 1120 530 4 18 Luz
r 464 528 464 608 0 10000
v 1136 304 1136 368 0 1 40 311.1269837220809 0 0 0.5
w 1040 608 1136 608 0
w 1136 608 1136 368 0
w 944 288 1136 288 0
w 1136 288 1136 304 0
w 464 400 464 448 2
w 464 512 464 528 2
x 428 484 454 487 4 12 100k
w 624 448 576 448 2
x 477 350 485 353 4 12 R
x 477 558 485 561 4 12 R
x 430 469 444 472 4 12 Rv
x 737 442 752 445 4 12 Rb
x 349 361 364 364 4 12 R1
p 1184 304 1184 368 3 1 0 10000000
w 1184 368 1136 368 0
w 1184 304 1136 304 0
x 1079 361 1123 364 4 12 Enchufe
x 459 232 479 235 4 12 Vcc
x 480 635 506 638 4 12 GND
r 720 608 720 528 0 330
162 720 464 720 528 2 default-led 1 0 0 0.01
x 737 500 760 503 4 12 LED
R 656 432 656 384 0 0 40 10 0 0 0.5
R 656 496 656 544 0 0 40 -10 0 0 0.5
d 864 608 864 464 2 1N5712
w 864 608 912 608 0
