$ 1 0.000005 9.001713130052181 47 5 30 5e-11
v 176 272 176 144 0 1 50 311.1269837220809 0 1.5707963267948966 0.5
w 352 224 352 272 0
T 272 192 352 192 0 1000 0.1 -0.006240854502023531 0.0696732936504603 0.999
w 272 192 272 144 0
w 272 224 272 272 0
w 176 272 272 272 0
w 352 272 448 272 0
r 448 144 448 272 0 300
w 352 192 352 144 0
370 272 144 176 144 3 1 0
370 448 144 352 144 3 1 0
403 32 176 128 240 0 0_64_0_20483_320_0.025_-1_2_0_3
403 480 176 576 240 0 7_64_0_20483_80_0.4_-1_2_7_3
x 294 246 329 249 4 18 10:1
