$ 1 0.000005 58.6985430941709 50 5 50 5e-11
c 624 288 768 288 0 1.0000000000000001e-7 0.01950445997505046 0.001
r 768 288 768 352 0 1000000
g 768 352 768 368 0 0
R 592 288 528 288 0 1 292.84 5 0 0 0.5
403 800 256 896 320 0 1_128_0_x83012_0.6354411151565724_0.0001_-1_2_2_0_1_3_0.05_0
w 592 288 624 288 0
403 416 256 496 320 0 5_128_0_x81012_5_0.1_-1_2_2_0_5_3_0.05_0
x 613 316 685 319 4 12 Condensador
w 688 448 768 448 0
g 768 512 768 528 0 0
r 768 448 768 512 0 1000000
c 688 512 688 448 0 0.000001 -4.2693886176710265 0.001
g 688 512 688 528 0 0
R 560 400 528 400 0 6 2902.8399999999997 50 0 0 0.159154943092
r 640 448 560 448 0 100
403 416 368 496 432 0 13_128_0_x81012_5_0.1_-1_2_2_0_13_3_0.05_0
403 800 416 896 480 0 10_128_0_x81012_5_0.1_-1_2_2_0_10_3_0.05_0
x 592 496 663 499 4 12 de\sdesacoplo
x 621 331 673 334 4 12 de\sacoplo
x 592 478 664 481 4 12 Condensador
R 560 448 528 448 0 0 40 5 0 0 0.5
w 640 448 688 448 0
r 560 400 640 400 0 1000
w 640 400 640 448 0
38 3 F1 3 4 1000 -1 Frequency
38 3 F1 2 -4 4 -1 DC\sOffset
38 13 F1 2 -4 4 1 \0
38 13 F1 3 4 10000 0 \0
