$ 1 0.000005 10.20027730826997 55 5 50 5e-11
t 496 352 544 352 0 -1 -0.5700901923032804 -0.6428232743598965 100 default
R 544 288 544 240 0 0 40 5 0 0 0.5
w 544 288 544 336 1
r 480 352 416 352 0 10000
w 496 352 480 352 0
g 544 448 544 464 0 0
w 544 368 544 384 0
r 544 384 544 448 0 1000
w 544 384 608 384 2
R 368 352 336 352 4 5 40 5 0 0 0.5
403 320 288 368 320 0 9_64_0_4098_9.6_0.0001_-1_2_9_3
w 416 352 368 352 3
w 16 352 -32 352 3
w 144 336 208 336 2
r 144 272 144 336 0 1000
w 144 368 144 416 0
g 144 448 144 464 0 0
w 96 352 80 352 0
r 80 352 16 352 0 10000
w 144 416 144 448 1
R 144 272 144 240 0 0 40 5 0 0 0.5
t 96 352 144 352 0 1 -4.5045089140921615 4.599909002850887e-8 100 default
R -32 352 -64 352 4 5 40 5 0 0 0.5
403 208 288 256 320 0 13_64_0_x281012_4.999999989800001_0.0001_-1_2_8_1_-98_13_3_0.000049999999999999996_0
403 -80 288 -32 320 0 22_64_0_4098_9.2_0.0001_-1_2_22_3
b 299 206 664 491 0
b -99 208 266 493 0
x 42 199 105 202 4 30 NPN
x 449 201 510 204 4 30 PNP
403 592 336 640 368 0 8_64_0_x281012_5_0.1_-1_2_8_1.25_-101_8_3_0.025_0
r 608 384 608 448 0 9091
r 208 336 208 448 0 9091
g 208 448 208 464 0 0
g 608 448 608 464 0 0
403 176 224 256 288 0 21_64_6_12355_5.0000000000000005e-40_1.0000000000000001e-41_-1_2_21_2
403 576 224 656 288 0 0_64_6_12355_5e-32_1e-33_-1_2_0_2
x 219 385 254 388 4 13 Carga
O 208 336 240 336 0 0
O 608 384 640 384 0 0
x 618 409 653 412 4 13 Carga
p 80 352 80 416 3 0 1 10000000
w 80 416 144 416 0
x 96 404 119 407 4 13 Vbe
x 495 314 518 317 4 13 Vbe
w 480 288 544 288 0
p 480 288 480 352 3 0 1 10000000
x -46 373 -23 376 4 13 Vbb
x 354 369 377 372 4 13 Vbb
x -100 513 181 516 4 11 https://github.com/aalonsopuig/Circuitos_electronicos/wiki
38 9 F1 0 0 5 -1 V\sPulso
38 31 F1 0 100 100000 -1 Carga
38 30 F1 0 100 100000 1 \0
38 22 F1 0 0 5 0 \0
