$ 1 0.000005 10.20027730826997 53 5 50 5e-11
t 128 608 176 608 0 1 -5.6 0.6362858376627307 100 default
R 176 528 176 496 0 0 40 10 0 0 0.5
w 176 528 176 560 1
w 128 608 96 608 0
g 176 720 176 736 0 0
w 176 624 176 656 0
r 176 656 176 720 0 1000
w 176 656 256 656 2
w 96 608 0 608 1
w 512 624 416 624 1
w 592 608 656 608 2
r 592 528 592 576 0 1000
w 592 640 592 656 0
g 592 720 592 736 0 0
w 544 624 512 624 0
w 592 656 592 720 0
R 592 512 592 496 0 0 40 10 0 0 0.5
t 544 624 592 624 0 -1 4.4 -0.6276067397744294 100 default
b -71 480 294 765 0
b 348 479 713 764 0
x 103 468 166 471 4 30 NPN
x 514 468 575 471 4 30 PNP
R 416 624 384 624 0 0 40 4.4 0 0 0.5
R 0 608 -32 608 0 0 40 4.4 0 0 0.5
p 96 608 96 656 3 0 1 10000000
w 176 656 96 656 0
p 512 576 512 624 3 0 1 10000000
w 512 576 592 576 0
x 662 612 686 615 4 12 Vout
x 250 650 274 653 4 12 Vout
x 375 612 392 615 4 12 Vin
x -43 594 -26 597 4 12 Vin
x 111 628 132 631 4 12 Vbe
x 528 595 548 598 4 12 Veb
w 592 528 592 512 1
x 383 691 472 694 4 12 Vout\s\q\sVin\s\p\sVeb
x -46 699 40 702 4 12 Vout\s\q\sVin\s-\sVbe
403 624 528 704 592 0 17_64_6_12355_4.999999999999999e-16_1e-17_-1_2_17_2
403 208 560 288 624 0 0_64_6_12355_1e-23_1e-25_-1_2_0_2
r 256 656 256 720 0 3383
r 656 608 656 720 0 3383
g 656 720 656 736 0 0
g 256 720 256 736 0 0
w 176 560 176 592 0
w 592 576 592 608 0
38 22 F1 0 0 10 -1 V\sin
38 39 F1 0 100 5000 -1 Carga
38 40 F1 0 100 5000 1 \0
38 23 F1 0 0 10 0 \0
