$ 1 0.000005 9.78399845368213 50 5 50 5e-11
f 640 384 736 384 32 1.5 0.02
c 640 448 640 384 0 0.00001 -10.336588633483672 0.001
181 912 208 912 320 0 1454.7914701619322 10 12 0.004 0.004
s 448 288 528 288 0 1 true
s 448 352 528 352 0 1 true
w 528 352 528 320 0
g 448 352 448 384 0 0
r 640 320 528 320 0 1000
R 800 208 800 176 0 0 40 12 0 0 0.5
g 800 432 800 464 0 0
w 800 432 736 432 0
w 528 288 528 320 0
w 448 288 448 208 0
w 448 208 800 208 0
w 800 688 720 688 1
w 640 320 640 384 0
w 736 320 736 368 0
w 736 432 736 400 0
w 736 320 800 320 0
p 800 320 800 432 3 0 0
w 800 320 912 320 0
p 800 208 800 320 3 0 0
w 800 208 912 208 0
p 544 384 544 448 3 0 0
g 640 448 640 464 0 0
w 544 384 640 384 0
w 544 448 640 448 0
x 477 271 491 274 4 24 \p
x 481 334 488 337 4 24 -
b 460 248 517 369 0
