$ 1 0.000005 10.20027730826997 50 5 50 5e-11
t 976 608 1024 608 0 1 -5.8 0.6282335183113887 100 default
R 1024 528 1024 496 0 0 40 10 0 0 0.5
w 1024 528 1024 592 0
w 976 608 944 608 0
g 1024 720 1024 736 0 0
w 1024 624 1024 656 0
r 1024 656 1024 720 0 1000
w 1024 656 1104 656 2
w 944 608 848 608 1
w 512 624 416 624 1
w 592 608 656 608 2
r 592 512 592 576 0 1000
w 592 640 592 656 0
g 592 720 592 736 0 0
w 544 624 512 624 0
w 592 656 592 720 0
R 592 512 592 496 0 0 40 10 0 0 0.5
t 544 624 592 624 0 -1 4.2 -0.637759999834544 100 default
b 776 478 1141 763 0
b 342 478 707 763 0
x 951 468 1014 471 4 30 NPN
x 514 468 575 471 4 30 PNP
R 416 624 384 624 0 0 40 4.2 0 0 0.5
R 848 608 816 608 0 0 40 4.2 0 0 0.5
p 944 608 944 656 3 0 1 10000000
w 1024 656 944 656 0
p 512 576 512 624 3 0 1 10000000
w 512 576 592 576 0
x 612 588 643 591 4 12 V_out
x 1052 636 1083 639 4 12 V_out
x 375 612 399 615 4 12 V_in
x 805 594 829 597 4 12 V_in
x 959 628 980 631 4 12 Vbe
x 529 594 549 597 4 12 Vcb
w 592 608 592 576 0
x 388 714 488 717 4 12 V_out\s\q\sV_in\s-\sVcb
x 802 699 903 702 4 12 V_out\s\q\sV_in\s-\sVbe
38 22 F1 0 0 10 -1 V\sin
38 23 F1 0 0 10 0 \0
