$ 1 0.000005 35.60246606707791 56 5 50 5e-11
R 800 816 752 816 0 2 40 5 0 0 0.5
403 800 768 848 816 0 0_128_0_4098_5_0.0001_-1_2_0_3
w 848 816 800 816 0
x 992 681 1164 684 4 14 ETAPA\sDIFERENCIADORA
b 783 656 1179 956 0
x 1085 845 1173 848 4 10 Salida\sdiferenciador
w 1072 832 1200 832 0
w 928 720 928 816 0
w 1072 720 1072 832 0
g 960 896 960 912 0 0
w 960 848 960 896 0
w 960 816 928 816 0
c 928 816 848 816 0 1.0000000000000001e-7 -3.8077446805383826 0.001
r 1072 720 928 720 0 22000
403 1104 784 1168 832 0 6_128_0_4610_20_0.1_-1_2_6_3
a 960 832 1072 832 12 15 -15 1000000 -8.807744680538383 0 1000
x 802 829 837 832 4 10 Entrada
o 2 64 0 4098 20 0.1 0 2 6 0
38 0 F1 3 1 100 -1 Frequency
38 13 F1 0 1 150000 -1 Resistance
38 12 F1 0 1e-8 0.000001 -1 Capacitance
