$ 1 0.000005 0.41233529972698213 53 5 50 5e-11
t 320 256 368 256 2 1 -5.336488410583363 0.6311289973708175 100 default
w 224 48 -48 48 1
w 368 336 368 352 2
w 272 48 224 48 0
p 416 224 416 304 3 0 0 0
w 416 304 368 304 0
w 368 304 368 288 0
w 416 224 368 224 0
w 368 224 368 240 0
i 0 192 32 192 0 0.001
w 208 256 240 256 2
g 0 192 0 208 0 0
x 211 237 228 240 4 14 Vb
x 89 203 120 206 4 10 Fuente
x 431 256 451 259 4 12 Vce
w 368 128 368 144 2
x 352 158 362 161 4 14 Ic
x 380 92 397 95 4 14 Rc
x 243 237 254 240 4 14 Ib
r -48 128 -48 80 0 1500
x -35 100 -10 103 4 14 Rb1
x -37 147 -12 150 4 14 Rb2
x 333 -21 845 -18 4 10 Posibles\sentradas:\sCuadrada\so\sSenoidal\s(ambas\scon\sF\sconfigurable),\sfuente\sde\scorriente\s(I_in)\so\sTensión\s(Rb1/rB2)\s
x 333 -11 804 -8 4 10 Podemos\smodificar\sRin,\sRe,\sRc,\sRb2\sy\sVcc\spara\sobservar\slos\scambios\sen\sel\scomportamiento\sdel\stransistor,
x 82 402 125 405 4 10 Cuadrada
b 133 214 73 171 0
r 368 128 368 64 0 250
w 64 128 80 128 0
R 32 256 16 256 0 1 2305.4 0.23 0 0 0.5
172 224 48 224 16 0 7 9 9 0 0 0.5 Vcc
403 160 272 272 352 0 10_32_0_4164_1.2500000000000006e-248_3.125000000000002e-251_-1_2_10_3_Vb/Ib
x 346 365 357 368 4 14 Ie
403 640 48 832 176 0 15_64_0_4161_1.0000000000000003e-212_1.0000000000000003e-212_-1_2_15_3_Vc/Ic
w 368 208 368 224 0
x 501 218 525 221 4 10 Out\s2
403 208 160 256 224 0 10_1_0_4099_1.6384_0.0008_-1_2_10_3_Base
x 84 211 122 214 4 10 corriente
x 348 142 364 145 4 14 Vc
w 416 384 400 384 0
x 345 350 361 353 4 14 Ve
x 428 401 445 404 4 14 Re
c 368 384 368 432 4 0.000001 0.0448677727127278 0 0
w 416 432 368 432 0
c 416 224 496 224 4 3.0097e-7 4.330713108207466 0.001 0
r 528 224 576 224 0 1000
g -48 176 -48 192 0 0
g 368 432 368 448 0 0
g 576 224 576 240 0 0
207 368 288 400 288 4 Ve
207 368 208 400 208 4 Vc
207 320 256 320 224 4 Vb
w 528 224 496 224 0
g 784 352 784 368 0 0
R 800 320 832 320 0 0 40 5 0 0 0.5
R 784 224 816 224 0 0 40 0.2 0 0 0.5
162 656 384 656 416 2 default-led 1 0 0 0.01
162 688 384 688 416 2 default-led 1 0 0 0.01
162 720 384 720 416 2 default-led 1 0 0 0.01
w 656 416 688 416 0
w 688 416 720 416 0
g 688 416 688 432 0 0
207 656 192 640 192 5 Vb
207 688 192 672 192 5 Ve
207 720 192 752 192 4 Vc
r 416 384 416 432 0 10
r -48 128 -48 176 0 153.5
p 288 304 368 304 3 0 0 0
w 288 256 288 304 0
w 288 256 320 256 0
x 293 299 314 302 4 12 Vbe
p 368 208 288 208 3 0 0 0
w 288 208 288 256 0
x 293 202 313 205 4 12 Vcb
403 480 240 544 304 0 51_1_0_4099_2.571138131403112_0.002571138131403112_-1_2_51_3_Out2
c 48 256 64 256 4 4.0095999999999996e-7 -0.7965568895201434 0.001 0
x 88 140 119 143 4 10 Fuente
x 334 0 821 3 4 10 así\scomo\sla\sfrec.\sde\sseñal\sde\sentrada\s(F_in),\sCin\sy\sCout\spara\sobservar\slos\scambios\sel\sefecto\sde\sla\simpedancia.
x 441 198 470 201 4 14 Cout
R 32 384 16 384 4 5 2305.4 5 0 0 0.5
x 8 165 30 168 4 14 I_in
x 160 236 181 239 4 14 Rin
w 80 256 64 256 0
w 144 192 128 192 0
w 64 128 -48 128 2
w 32 384 80 384 2
w 464 176 368 176 0
g 576 176 576 192 0 0
r 576 176 528 176 0 1000
x 500 187 524 190 4 10 Out\s1
w 368 176 368 208 0
403 -64 368 -16 416 0 84_1_0_4099_5_0.0001_-1_2_84_3
w 48 256 32 256 0
w 144 384 128 384 0
b 133 406 73 363 0
x 87 147 121 150 4 10 Tensión
b 133 150 73 107 0
w 144 128 128 128 0
w 144 256 128 256 0
b 133 278 73 235 0
x 79 275 127 278 4 10 Onda\sseno
s 80 128 128 128 0 0 false
s 80 256 128 256 0 0 false
s 80 192 128 192 0 1 false
s 80 384 128 384 0 1 false
w 144 384 144 320 0
w 144 256 144 192 0
w 144 192 144 128 0
x -49 -19 243 -16 4 12 BANCO\sDE\sPRUEBAS\sPARA\sTRANSISTOR\sBJT\sNPN
w 144 320 144 256 0
w 528 304 416 304 0
g 576 304 576 320 0 0
r 528 304 576 304 0 1000000
x 500 298 524 301 4 10 Out\s3
178 528 32 528 80 6 1 0.001 -3.989863994746758e-18 0.05 1000000 0.02 20 0.015 1e-9 0
S 272 48 320 48 0 1 false 0 2
b 327 69 267 26 0
d 464 80 464 32 2 default
w 464 80 496 80 0
w 464 32 496 32 0
w 464 80 464 176 0
w 464 32 320 32 0
w 368 64 320 64 0
x 273 81 316 84 4 10 Rc\so\sRelé
x -48 -3 158 0 4 12 Por\sAlejandro\sAlonso\sPuig.\sv1.2\s-\s2026
s 784 320 800 320 0 1 false
403 480 112 544 176 0 85_1_0_4099_10_0.0125_-1_2_85_3_Out\s1
R 784 256 816 256 0 0 40 0.6 0 0 0.5
r 208 256 144 256 0 1e-9
162 576 96 576 128 2 default-led 1 0 0 0.01
g 576 128 576 144 0 0
w 576 48 576 32 0
r 576 48 576 96 0 220
b 153 70 -69 433 0
x -70 447 -30 450 4 10 Entradas
w 576 32 528 32 0
w 464 176 528 176 0
x 478 392 510 395 4 10 Salidas
x 161 361 238 364 4 10 Curva\sde\sentrada
x 638 44 707 47 4 10 Curva\sde\ssalida
170 32 320 16 320 2 20 20000 0.2 0.01
s 80 320 128 320 0 1 false
x 73 339 132 342 4 10 AC\s20-20kHz
b 133 342 73 299 0
w 144 320 128 320 0
w 80 320 64 320 0
x 47 288 68 291 4 14 Cin
c 48 320 64 320 4 4.0095999999999996e-7 0.0009999999999784764 0.001 0
w 32 320 48 320 0
w -48 48 -48 80 0
403 -64 240 -16 288 0 91_1_0_4099_0.3125_0.0015625_-1_2_91_3
403 -64 304 -16 352 0 148_1_0_4099_10_0.0125_-1_2_148_3
R 512 80 512 96 0 0 40 5 0 0 0.5
403 480 320 544 384 0 109_1_0_4099_0.625_0.00009765625_-1_2_109_3_Out\s3
b 473 382 608 22 0
w 32 192 80 192 2
403 288 112 336 176 0 15_1_0_4099_10_0.05_-1_2_15_3_Colector
403 288 336 336 400 0 2_1_0_4099_0.625_0.05_-1_2_2_3_Emisor
w 368 384 400 384 0
w 368 272 368 288 0
w 368 352 368 368 1
b 208 256 286 224 0
b 421 370 340 336 0
b 425 130 346 166 0
. NPN\sTester 1 4 5 10 Activo 15 1 1 Corte 20 2 1 Disable 28 3 3 Gnd 3 4 3 Sat 19 0 1 Vb 22 0 0 Vbe(on) 8 1 3 Vc 24 2 0 Vce(sat) 11 0 3 Ve 23 1 0 ResistorElm\s1\s2\rResistorElm\s2\s3\rResistorElm\s4\s5\rResistorElm\s5\s6\rOpAmpElm\s5\s2\s6\rOpAmpElm\s8\s6\s7\rResistorElm\s3\s7\rResistorElm\s3\s9\rOpAmpElm\s10\s11\s9\rOpAmpElm\s12\s13\s10\rResistorElm\s12\s10\rResistorElm\s4\s12\rResistorElm\s13\s3\rResistorElm\s14\s13\rResistorElm\s15\s16\rAndGateElm\s9\s7\s17\rInverterElm\s9\s18\rAndGateElm\s18\s7\s16\rResistorElm\s19\s17\rResistorElm\s20\s21\rRelayElm\s24\s14\s25\s23\s4\s26\s22\s1\s27\s28\s0\rDiodeElm\s0\s28\rInverterElm\s7\s30\rAndGateElm\s30\s31\s21\rInverterElm\s28\s31 0\\s10000\s0\\s10000\s0\\s10000\s0\\s10000\s9\\s15\\s-15\\s1000000\\s2.4999750002491172\\s2.49999999999912\\s100000\s9\\s5\\s0\\s1000000\\s0\\s2.4999750002674404\\s100000\s0\\s330\s0\\s330\s9\\s5\\s0\\s1000000\\s2.499975000246195\\s0\\s100000\s9\\s15\\s-15\\s1000000\\s2.4999750002487784\\s2.499999999998781\\s100000\s0\\s10000\s0\\s10000\s0\\s10000\s0\\s10000\s0\\s330\s0\\s2\\s0\\s5\s0\\s0.5\\s5\s0\\s2\\s5\\s5\s0\\s330\s0\\s330\s6\\s3\\s0.000001\\s0\\s0.05\\s1000000\\s0.02\\s20\\s0.015\\s1e-9\\s0\s2\\sdefault\s0\\s0.5\\s5\s0\\s2\\s0\\s5\s0\\s0.5\\s5
410 624 224 704 304 1 NPN\sTester 0\s10000 0\s10000 0\s10000 0\s10000 9\s15\s-15\s1000000\s0.33799122906355444\s0.33799754004768867\s100000 9\s5\s0\s1000000\s0.6\s0.6310984134216824\s100000 0\s330 0\s330 9\s5\s0\s1000000\s5.9674667554791085\s0.2\s100000 9\s15\s-15\s1000000\s3.006175400078213\s3.0062350747457676\s100000 0\s10000 0\s10000 0\s10000 0\s10000 0\s330 0\s2\s0\s5 0\s0.5\s5 0\s2\s5\s5 0\s330 0\s330 6\s3\s0.000001\s0\s0.05\s1000000\s0.02\s20\s0.015\s1e-9\s0 2\sdefault 0\s0.5\s5 0\s2\s0\s5 0\s0.5\s5
w 240 256 288 256 1
w 368 160 368 144 1
w 368 304 368 336 0
w 368 368 368 384 0
x 333 28 357 31 4 12 Relé
x 334 59 348 62 4 12 Rc
x 280 21 312 24 4 10 Switch\s
w 368 160 368 176 0
38 9 F1 0 0 0.01 -1 I_in
38 28 F1 3 10 5000 -1 F_in
38 26 F1 0 0 1000 -1 Rc
38 64 F1 0 0 1000 -1 Re
38 65 F1 0 50 500 -1 Rb2
38 43 F1 0 1e-9 0.000009999999999999999 -1 Cout
38 74 F1 0 1e-9 0.000009999999999999999 -1 Cin
38 127 F1 0 0 4000 -1 Rin
38 19 F1 0 1 1500 -1 Rb1
38 147 F1 0 1e-9 0.000009999999999999999 6 \0
38 78 F1 3 10 5000 1 \0
