$ 1 0.000005 54.00526672067058 37 5 50 5e-11
r 416 512 544 512 0 100
423 601 526 305 528 0
423 305 528 417 427 0
423 417 428 602 425 0
423 601 430 601 525 0
423 592 512 592 437 0
423 566 440 567 505 0
423 567 440 592 437 0
423 592 512 566 505 0
x 414 455 500 458 4 24 Plancha
v 896 400 896 448 0 1 40 311 0 0 0.5
w 544 512 560 512 0
w 560 512 560 400 0
w 416 512 416 480 0
w 416 480 544 480 1
w 544 480 544 384 0
w 896 448 848 448 0
w 848 448 848 432 0
w 896 400 848 400 0
w 848 400 848 416 0
b 831 384 924 465 0
x 830 378 880 381 4 16 Alterna
403 944 400 1072 464 0 10_64_0_20483_640_3.2_-1_2_10_3
403 416 544 544 608 0 0_64_0_20481_640_6.4_-1_2_0_3
v 896 336 896 288 0 0 40 220 0 0 0.5
S 688 336 768 336 0 1 false 1 2
S 688 400 768 400 0 1 false 1 2
w 560 400 688 400 0
w 544 384 688 384 0
w 688 384 688 336 0
x 830 266 894 269 4 16 Continua
b 831 272 924 353 0
w 848 288 848 304 0
w 896 288 848 288 0
w 848 336 848 320 0
w 896 336 848 336 0
w 768 320 784 320 0
w 784 320 784 304 0
w 784 304 848 304 0
w 768 384 800 384 0
w 800 384 800 320 0
w 800 320 848 320 0
w 768 352 816 352 0
w 816 352 816 416 0
w 816 416 848 416 0
w 768 416 768 432 0
w 768 432 848 432 0
x 682 307 755 310 4 16 Switch
b 682 313 775 442 0
403 944 288 1072 352 0 24_64_0_4099_640_0.00009765625_-1_2_24_3
x 747 428 760 431 4 10 AC
x 748 364 761 367 4 10 AC
x 748 396 762 399 4 10 DC
x 747 332 761 335 4 10 DC
423 729 328 729 423 0
x 678 519 1072 522 4 10 Circuito\sque\spermite\scomparar\sel\sefecto\sde\sla\scorriente\scontinua\sy\salterna\sen\suna\splancha
38 10 F1 0 0 700 -1 Max\sAlterna
38 24 F1 0 0 500 -1 Max\sContinua
