$ 1 6.25e-8 0.2954511527092107 58 5 50 5e-11
c 288 160 288 240 0 5e-10 -3.208267694289682 0.001
w 160 128 160 160 0
w 160 160 288 160 0
l 160 160 160 240 0 0.00019999999999999998 -0.005300217448824868 0
w 160 304 288 304 0
r 288 304 288 240 0 1
423 273 215 302 184 0
g 160 352 160 384 0 0
R 160 128 80 128 0 1 500000 5 0 0 0.5
x -24 191 132 194 4 12 200uH\sy\s100pF\s-->\s1.125KHz
x -24 173 122 176 4 12 200uH\sy\s500pF\s-->\s503KHz
w 160 352 160 304 0
r 160 304 160 240 0 1
403 -80 80 48 144 0 8_1_0_x81011_5_0.025_-1_2_2_0_8_3_0.005_0
38 0 F1 0 1e-10 5e-10 -1 C
38 8 F1 3 500000 1500000 -1 Frecuencia
