$ 1 3.125e-7 75.37042125545614 43 5 50 5e-11
r 448 208 448 80 0 8
w 448 80 384 80 0
r 304 80 384 80 0 4
l 384 80 384 208 0 0.01 4.556247790759973e-196 0
w 448 208 384 208 1
w 384 208 288 208 1
403 496 144 656 224 0 3_512_0_x283112_0.03353740997418683_0.004192182954254009_-1_2_8_3.5_0_3_3_1_0
g 240 208 240 224 0 0
x 608 76 657 79 4 12 Corriente
x 618 156 654 159 4 12 Voltaje
w 288 208 240 208 0
v 240 208 240 80 0 0 40 8 0 0 0.5
s 240 80 304 80 0 1 false
403 496 64 656 128 0 3_512_0_4353_0.0000762939453125_0.00009765625_-1_2_3_3
38 0 F1 0 1 1000 -1 Resistance
38 3 F1 0 0.01 1 -1 Inductance
