$ 1 0.000005 45.7144713268909 48 5 50 5e-11
R -128 176 -128 144 0 4 50 0.5 10 0 0.5
w -112 224 -112 240 2
r 32 128 32 208 0 200
t 144 208 176 208 0 1 -4.742498366435959 0.6773540286406172 100 default
w 32 128 176 128 0
z 32 336 32 288 3 default-zener
w 176 224 176 256 3
w 176 256 224 256 0
r 224 256 224 336 0 208
g 224 336 224 352 0 0
g 32 336 32 352 0 0
403 288 272 336 336 0 6_256_0_x281012_4.882267002276199_0.0001_-1_2_8_1_-98_6_3_0.00625_0_Ve\sen\scarga
403 -144 288 -80 336 0 1_256_0_x281112_10.8_0.0001_-1_2_8_2_-70_1_3_0.000049999999999999996_0_Vin
w 32 224 32 272 2
403 -32 192 16 272 0 13_256_0_x281217_10_0.00078125_-1_2_8_2_-98_13_3_0.01_-98_Zener
R -96 176 -96 144 0 0 40 10 0 0 0.5
S -112 224 -112 176 0 0 false 0 2
w 176 128 176 192 0
403 192 128 288 192 0 3_64_6_12355_1.0000000000000001e-39_1.0000000000000001e-41_-1_2_3_2_Vce/Ic
w 96 208 144 208 1
x 85 200 95 203 4 13 Ib
x 199 234 209 237 4 13 Ie
x 228 235 243 238 4 13 Ve
x 235 291 270 294 4 13 Carga
w 32 272 32 288 1
x 39 275 49 278 4 13 Iz
x 38 243 53 246 4 13 Vz
w 32 208 32 224 0
p 96 208 96 256 3 0 1 10000000
w 96 256 176 256 0
w 32 208 96 208 0
x 113 226 136 229 4 13 Vbe
O 224 256 256 256 0 0
x 50 317 105 320 4 13 Zener\s5.6
x -50 398 231 401 4 11 https://github.com/aalonsopuig/Circuitos_electronicos/wiki
207 32 128 32 96 4 Vin
207 -112 240 -112 272 4 Vin
b 352 384 -50 82 0
x 142 74 184 77 4 20 NPN
x 574 74 615 77 4 20 PNP
b 784 384 382 82 0
207 464 128 464 96 4 Vin
x 482 317 537 320 4 13 Zener\s5.6
O 656 192 688 192 0 0
x 544 177 566 180 4 13 Veb
w 528 208 576 208 0
p 528 160 528 208 3 0 1 10000000
w 464 208 464 224 0
x 470 243 485 246 4 13 Vz
x 471 275 481 278 4 13 Iz
w 464 272 464 288 1
x 667 256 702 259 4 13 Carga
x 627 175 642 178 4 13 Ve
x 622 136 632 139 4 13 Ie
x 496 222 506 225 4 13 Ib
w 464 208 528 208 1
w 608 224 608 336 0
w 464 224 464 272 2
g 464 336 464 352 0 0
g 656 336 656 352 0 0
r 656 192 656 336 0 208
w 608 192 656 192 2
w 608 128 608 160 1
z 464 336 464 288 3 default-zener
w 464 128 528 128 0
r 464 128 464 208 0 200
t 576 208 608 208 0 -1 5.640796054475778 -0.6967127314221493 100 default
r 528 128 608 128 0 50
w 608 160 528 160 0
w 608 160 608 192 0
g 608 336 608 352 0 0
403 672 112 768 176 0 66_64_6_12355_9.999999999999999e-16_1e-17_-1_2_66_2_Vce/Ic
403 704 272 752 336 0 60_256_0_x281012_10_0.025_-1_2_8_1_-98_60_3_0.01_0_Ve\sen\scarga
403 400 192 448 272 0 57_256_0_x281217_10_0.05_-1_2_10_2_-98_57_3_0.01_0_Zener
x 559 106 575 109 4 13 Re
38 8 F1 0 10 1000 -1 Carga
38 15 F1 0 1 10 -1 Vin\smax
38 60 F1 0 10 1000 0 \0
38 0 F1 2 1 10 1 \0
