$ 1 0.000005 0.9487735836358526 50 5 50 5e-11
R 528 240 480 240 0 1 1000 10 0 0 0.159154943092
w 720 240 768 240 0
g 720 400 720 416 0 0
w 528 240 624 240 0
403 512 144 640 224 0 3_4_0_x281112_5_0.1_-1_2_8_5_-1_3_3_0.05_0_Entrada
O 768 240 912 240 0 0
403 752 144 880 224 0 5_4_0_x281112_20_0.1_-1_1_8_5_-1_Salida
r 624 240 720 240 0 1000
34 zener-5.1 1 1.7143528192810002e-7 0 2.0000000000000084 5.1 1
d 720 336 720 288 2 zener-5.1
x 734 269 791 272 4 12 Zener\s5.1v
d 720 240 720 288 2 zener-5.1
x 735 316 792 319 4 12 Zener\s5.1v
w 720 336 720 400 0
403 736 336 816 400 0 12_4_0_4353_0.0000762939453125_0.00625_-1_2_12_3
