$ 1 0.000005 222.68277840103303 53 5 50 5e-11
r 880 416 960 416 0 10000
g 1120 496 1120 512 0 0
R 1120 240 1120 208 0 0 40 5 0 0 0.5
t 1008 416 1040 416 0 1 0.5299662460121639 0.6539171839707582 100 default
w 1200 416 1200 496 0
w 1040 496 1040 432 0
w 832 416 880 416 2
x 651 326 687 329 4 12 Divisor
162 1200 304 1200 384 2 default-led 0 1 0 0.01
162 1040 304 1040 400 2 default-led 1 0 0 0.01
r 1040 400 1120 400 0 10000
w 1040 496 1120 496 0
r 1120 304 1120 240 0 330
t 1168 400 1200 400 0 1 -1.7631337606585566 0.12395095538184021 100 default
174 704 288 752 336 1 1000 0.005 Resistance
w 960 416 1008 416 2
w 1120 400 1168 400 2
r 704 240 704 288 0 1000
x 872 443 888 446 4 24 A
d 1008 320 1008 368 2 default
d 1168 320 1168 368 2 default
S 832 416 768 416 0 1 false 0 2
g 704 352 704 368 0 0
w 752 320 768 320 0
w 768 320 768 400 0
w 768 432 768 496 0
R 768 496 720 496 4 5 40 5 0 0 0.5
R 704 240 704 208 0 0 40 5 0 0 0.5
w 1120 496 1200 496 0
w 1120 304 1200 304 0
w 1040 304 1120 304 0
x 787 386 825 389 4 12 Switch\s
x 642 499 696 502 4 12 Pulso\sTTL
x 1059 354 1074 357 4 14 L1
x 1220 351 1235 354 4 14 L2
x 1005 447 1023 450 4 14 Q1
x 1165 432 1183 435 4 14 Q2
