$ 1 0.000005 11.086722712598126 50 5 50 5e-11
r 896 352 896 240 0 1000000
R 432 208 400 208 0 1 666.8 3 0 0 0.5
S 528 240 432 240 0 1 false 0 2
R 432 272 400 272 0 2 673.6 3 0 0 0.5
w 720 352 816 352 0
w 720 240 816 240 0
g 720 352 720 368 0 0
w 576 240 608 240 0
403 512 144 640 224 0 7_16_0_x283112_3.679999988121684_0.0001_-1_2_8_1_2_7_3_0.05_0_Entrada
O 896 240 992 240 0 0
403 816 144 944 224 0 9_16_0_x281312_11.274295471247365_0.0001_-1_1_8_1_-73_Salida
w 432 208 432 224 0
w 432 256 432 272 0
w 816 240 896 240 0
w 816 352 896 352 0
r 720 240 720 352 0 560
r 720 240 720 128 0 1000
R 720 128 720 96 0 0 40 10 0 0 0.5
x 906 289 944 292 4 14 Carga
x 730 290 747 293 4 14 R2
x 732 176 749 179 4 14 R1
x 659 212 669 215 4 14 C
s 528 240 576 240 0 0 false
209 720 240 608 240 4 0.000001 4.597469332601819 0.001 0 1
38 0 F1 0 1000 1000000 -1 Carga
38 1 F1 3 20 1000 -1 Frecuencia
38 16 F1 0 100 1000 -1 R1
38 15 F1 0 100 1000 -1 R2
38 23 F1 0 0.000001 0.00009999999999999999 -1 C
38 3 F1 3 40 1000 1 \0
