$ 1 0.000005 10.20027730826997 55 5 50 5e-11
v 448 464 448 320 0 0 40 5 0 0 0.5
r 640 384 640 464 0 330
w 496 464 640 464 0
w 496 320 640 320 1
p 704 384 704 464 3 0 0 10000000
p 704 320 704 384 3 0 0 10000000
w 640 320 704 320 0
w 640 384 704 384 0
w 640 464 704 464 0
p 496 320 496 464 3 0 0 10000000
w 448 464 496 464 0
w 448 320 496 320 0
162 640 320 640 384 2 default-led 1 0 0 0.01
x 596 358 622 361 4 16 Led
x 614 429 625 432 4 16 R
x 409 399 419 402 4 16 V
38 0 F1 0 0 12 -1 V
38 1 F1 0 1 1000 -1 R
